1 11 11 11 11 7 3 3 3 11 9 9 5 7 7 3 12 9 9 5 5 5 7 3 12 9 10 10 5 1 7 1 12 10 10 8 8 1 1 1 12 2 10 8 4 4 4 4 12 2 8 8 0 0 4 6 6 2 2 2 0 0 6 6 6
2 3 3 3 1 1 1 11 11 7 3 4 1 5 1 11 12 7 3 4 5 5 5 11 12 7 7 4 4 5 10 11 12 8 7 4 10 10 10 9 12 8 8 8 2 10 9 9 12 6 6 8 2 9 9 0 0 6 6 6 2 2 2 0 0
2b 3 3 3 1 1 1 11 11 7 3 4 1 10 1 11 12 7 3 4 10 10 10 11 12 7 7 4 4 5 10 11 12 8 7 4 5 5 5 9 12 8 8 8 2 5 9 9 12 6 6 8 2 9 9 0 0 6 6 6 2 2 2 0 0
3 2 2 2 8 11 11 11 11 2 8 8 8 9 9 4 11 2 8 7 9 9 4 4 12 0 0 7 9 6 6 4 12 0 0 7 7 6 6 4 12 1 1 5 7 3 6 10 12 1 5 5 5 3 10 10 12 1 1 5 3 3 3 10 10
4 12 12 12 12 12 2 2 2 6 6 8 8 1 1 1 2 6 6 8 7 1 5 1 2 6 8 8 7 5 5 5 9 11 0 0 7 7 5 9 9 11 0 0 10 7 9 9 3 11 10 10 10 4 3 3 3 11 11 10 4 4 4 4 3
5 8 12 12 12 12 12 0 0 8 8 8 3 3 3 0 0 11 11 8 10 3 1 1 1 11 10 10 10 3 1 5 1 11 7 10 9 9 5 5 5 11 7 9 9 6 6 5 2 7 7 9 4 6 6 6 2 7 4 4 4 4 2 2 2
6 0 0 11 11 11 11 3 12 0 0 11 6 3 3 3 12 2 2 2 6 6 10 3 12 2 7 9 6 6 10 10 12 2 7 9 9 10 10 5 12 7 7 8 9 9 5 5 5 7 4 8 8 8 1 5 1 4 4 4 4 8 1 1 1
7 12 12 12 12 12 1 1 1 3 4 4 4 4 1 7 1 3 3 3 4 6 6 7 7 3 9 9 5 6 6 11 7 9 9 5 5 5 6 11 7 9 8 8 5 10 10 11 2 0 0 8 10 10 11 11 2 0 0 8 8 10 2 2 2
8 6 6 7 7 7 11 11 12 6 6 6 8 7 7 11 12 1 1 5 8 8 8 11 12 1 5 5 5 10 8 11 12 1 1 5 10 10 9 9 12 2 2 2 3 10 10 9 9 0 0 2 3 3 3 4 9 0 0 2 3 4 4 4 4
8b 6 6 7 7 7 11 11 12 6 6 6 8 7 7 11 12 1 1 5 8 8 8 11 12 1 5 5 5 10 8 11 12 1 1 5 10 10 9 9 12 2 2 2 3 10 10 9 9 2 0 0 3 3 3 4 9 2 0 0 3 4 4 4 4
8c 6 6 7 7 7 11 11 12 6 6 6 8 7 7 11 12 1 1 5 8 8 8 11 12 1 5 5 5 10 8 11 12 1 1 5 10 10 9 9 12 2 0 0 3 10 10 9 9 2 0 0 3 3 3 4 9 2 2 2 3 4 4 4 4
8d 6 6 7 7 7 11 11 12 6 6 6 8 7 7 11 12 1 1 5 8 8 8 11 12 1 5 5 5 10 8 11 12 1 1 5 10 10 9 9 12 0 0 2 3 10 10 9 9 0 0 2 3 3 3 4 9 2 2 2 3 4 4 4 4
9 2 2 2 10 1 1 1 12 2 10 10 10 1 8 1 12 2 5 10 8 8 8 3 12 5 5 5 8 3 3 3 12 11 5 6 9 7 7 3 12 11 6 6 9 9 7 7 7 11 6 6 4 9 9 0 0 11 11 4 4 4 4 0 0
10 3 3 3 9 9 10 10 12 4 3 9 9 10 10 11 12 4 3 9 6 6 10 11 12 4 4 8 6 6 6 11 12 4 5 8 8 8 11 11 12 5 5 5 2 8 7 7 7 1 5 1 2 7 7 0 0 1 1 1 2 2 2 0 0
11 2 2 2 6 6 6 4 12 2 7 7 6 6 4 4 12 2 10 7 7 7 8 4 12 10 10 10 8 8 8 4 12 10 0 0 8 9 9 5 12 3 0 0 9 9 5 5 5 3 3 3 9 11 1 5 1 3 11 11 11 11 1 1 1
12 11 11 1 1 5 2 2 2 11 12 1 5 5 5 10 2 11 12 1 1 5 10 10 2 11 12 0 0 7 8 10 10 4 12 0 0 7 8 8 8 4 12 3 7 7 9 9 8 4 4 3 7 6 6 9 9 4 3 3 3 6 6 6 9
13 7 7 12 12 12 12 12 8 3 7 7 7 9 8 8 8 3 3 3 9 9 8 11 11 3 5 9 9 2 2 2 11 5 5 5 10 1 1 2 11 6 5 10 10 10 1 2 11 6 6 10 4 1 1 0 0 6 6 4 4 4 4 0 0
14 6 6 6 11 11 11 11 4 3 6 6 11 10 10 4 4 3 3 3 10 10 0 0 4 3 7 7 7 10 0 0 4 8 8 9 7 7 5 1 1 2 8 9 9 5 5 5 1 2 8 8 9 9 5 1 1 2 2 2 12 12 12 12 12
15 4 9 9 6 6 6 8 8 4 4 9 9 6 6 8 7 4 0 0 9 10 8 8 7 4 0 0 10 10 10 7 7 11 1 1 1 2 10 7 3 11 1 5 1 2 3 3 3 11 5 5 5 2 2 2 3 11 11 5 12 12 12 12 12
16 11 11 4 4 4 4 1 1 12 11 6 6 4 9 9 1 12 11 6 6 9 9 1 1 12 11 6 3 9 10 10 7 12 3 3 3 10 10 7 7 12 8 8 3 5 10 7 2 0 0 8 5 5 5 7 2 0 0 8 8 5 2 2 2
17 1 1 1 12 12 12 12 12 1 5 1 8 8 2 2 2 5 5 5 8 0 0 7 2 9 5 8 8 0 0 7 2 9 9 6 6 6 7 7 11 3 9 9 6 6 7 10 11 3 3 3 4 10 10 10 11 3 4 4 4 4 10 11 11
18 6 11 11 3 4 4 4 4 6 6 11 3 3 3 4 10 6 6 11 3 5 10 10 10 0 0 11 5 5 5 10 7 0 0 8 2 5 9 9 7 8 8 8 2 9 9 7 7 8 2 2 2 9 1 7 1 12 12 12 12 12 1 1 1
19 2 11 11 11 11 6 6 6 2 7 7 7 11 8 6 6 2 2 2 7 7 8 8 8 1 1 5 3 3 3 10 8 1 5 5 5 3 10 10 10 1 1 5 4 3 9 9 10 0 0 4 4 4 4 9 9 0 0 12 12 12 12 12 9
19b 11 11 11 11 2 6 6 6 11 7 7 7 2 8 6 6 7 7 2 2 2 8 8 8 1 1 5 3 3 3 10 8 1 5 5 5 3 10 10 10 1 1 5 4 3 9 9 10 0 0 4 4 4 4 9 9 0 0 12 12 12 12 12 9
19c 7 7 2 2 2 6 6 6 11 7 7 7 2 8 6 6 11 11 11 11 2 8 8 8 1 1 5 3 3 3 10 8 1 5 5 5 3 10 10 10 1 1 5 4 3 9 9 10 0 0 4 4 4 4 9 9 0 0 12 12 12 12 12 9
19d 2 2 2 7 7 6 6 6 2 7 7 7 11 8 6 6 2 11 11 11 11 8 8 8 1 1 5 3 3 3 10 8 1 5 5 5 3 10 10 10 1 1 5 4 3 9 9 10 0 0 4 4 4 4 9 9 0 0 12 12 12 12 12 9
20 1 1 5 9 9 6 6 6 1 5 5 5 9 9 6 6 1 1 5 10 10 9 0 0 4 11 11 12 10 10 0 0 4 4 11 12 10 7 7 7 4 3 11 12 7 7 8 2 4 3 11 12 8 8 8 2 3 3 3 12 8 2 2 2
20b 1 1 5 9 9 6 6 6 1 5 5 5 9 9 6 6 1 1 5 10 10 9 0 0 11 11 4 12 10 10 0 0 11 4 4 12 10 7 7 7 11 3 4 12 7 7 8 2 11 3 4 12 8 8 8 2 3 3 3 12 8 2 2 2
20c 1 1 5 9 9 6 6 6 1 5 5 5 9 9 6 6 1 1 5 10 10 9 0 0 3 3 3 12 10 10 0 0 11 3 4 12 10 7 7 7 11 3 4 12 7 7 8 2 11 4 4 12 8 8 8 2 11 11 4 12 8 2 2 2
20d 1 1 5 9 9 6 6 6 1 5 5 5 9 9 6 6 1 1 5 10 10 9 0 0 3 3 3 12 10 10 0 0 4 3 11 12 10 7 7 7 4 3 11 12 7 7 8 2 4 4 11 12 8 8 8 2 4 11 11 12 8 2 2 2
20d1 1 1 5 9 9 6 6 6 1 5 5 5 9 9 6 6 1 1 5 10 10 9 0 0 12 3 3 3 10 10 0 0 12 4 3 11 10 7 7 7 12 4 3 11 7 7 8 2 12 4 4 11 8 8 8 2 12 4 11 11 8 2 2 2
20c1 1 1 5 9 9 6 6 6 1 5 5 5 9 9 6 6 1 1 5 10 10 9 0 0 12 3 3 3 10 10 0 0 12 11 3 4 10 7 7 7 12 11 3 4 7 7 8 2 12 11 4 4 8 8 8 2 12 11 11 4 8 2 2 2
20b1 1 1 5 9 9 6 6 6 1 5 5 5 9 9 6 6 1 1 5 10 10 9 0 0 12 11 11 4 10 10 0 0 12 11 4 4 10 7 7 7 12 11 3 4 7 7 8 2 12 11 3 4 8 8 8 2 12 3 3 3 8 2 2 2
20a1 1 1 5 9 9 6 6 6 1 5 5 5 9 9 6 6 1 1 5 10 10 9 0 0 12 4 11 11 10 10 0 0 12 4 4 11 10 7 7 7 12 4 3 11 7 7 8 2 12 4 3 11 8 8 8 2 12 3 3 3 8 2 2 2
20a1b 1 1 5 9 9 6 6 6 1 5 5 5 9 9 6 6 1 1 5 10 10 9 0 0 12 4 11 11 10 10 0 0 12 4 4 11 10 7 8 8 12 4 3 11 7 7 8 2 12 4 3 11 7 8 8 2 12 3 3 3 7 2 2 2
20b1b 1 1 5 9 9 6 6 6 1 5 5 5 9 9 6 6 1 1 5 10 10 9 0 0 12 11 11 4 10 10 0 0 12 11 4 4 10 7 8 8 12 11 3 4 7 7 8 2 12 11 3 4 7 8 8 2 12 3 3 3 7 2 2 2
20c1b 1 1 5 9 9 6 6 6 1 5 5 5 9 9 6 6 1 1 5 10 10 9 0 0 12 3 3 3 10 10 0 0 12 11 3 4 10 7 8 8 12 11 3 4 7 7 8 2 12 11 4 4 7 8 8 2 12 11 11 4 7 2 2 2
20d1b 1 1 5 9 9 6 6 6 1 5 5 5 9 9 6 6 1 1 5 10 10 9 0 0 12 3 3 3 10 10 0 0 12 4 3 11 10 7 8 8 12 4 3 11 7 7 8 2 12 4 4 11 7 8 8 2 12 4 11 11 7 2 2 2
20db 1 1 5 9 9 6 6 6 1 5 5 5 9 9 6 6 1 1 5 10 10 9 0 0 3 3 3 12 10 10 0 0 4 3 11 12 10 7 8 8 4 3 11 12 7 7 8 2 4 4 11 12 7 8 8 2 4 11 11 12 7 2 2 2
20cb 1 1 5 9 9 6 6 6 1 5 5 5 9 9 6 6 1 1 5 10 10 9 0 0 3 3 3 12 10 10 0 0 11 3 4 12 10 7 8 8 11 3 4 12 7 7 8 2 11 4 4 12 7 8 8 2 11 11 4 12 7 2 2 2
20bb 1 1 5 9 9 6 6 6 1 5 5 5 9 9 6 6 1 1 5 10 10 9 0 0 11 11 4 12 10 10 0 0 11 4 4 12 10 7 8 8 11 3 4 12 7 7 8 2 11 3 4 12 7 8 8 2 3 3 3 12 7 2 2 2
20ab 1 1 5 9 9 6 6 6 1 5 5 5 9 9 6 6 1 1 5 10 10 9 0 0 4 11 11 12 10 10 0 0 4 4 11 12 10 7 8 8 4 3 11 12 7 7 8 2 4 3 11 12 7 8 8 2 3 3 3 12 7 2 2 2
21 11 11 7 12 12 12 12 12 11 7 7 3 3 3 1 1 11 7 0 0 3 8 8 1 11 7 0 0 3 8 1 1 2 2 2 5 8 8 6 6 2 10 5 5 5 9 6 6 2 10 10 5 4 9 9 6 10 10 4 4 4 4 9 9
22 1 1 1 11 3 2 2 2 1 5 1 11 3 3 3 2 5 5 5 11 3 9 9 2 12 5 7 11 11 8 9 9 12 7 7 8 8 8 4 9 12 7 10 8 4 4 4 4 12 7 10 10 6 6 0 0 12 10 10 6 6 6 0 0
23 1 1 1 11 11 11 11 12 1 5 1 11 2 2 2 12 5 5 5 10 8 8 2 12 4 5 10 10 10 8 2 12 4 4 10 0 0 8 8 12 4 3 9 0 0 6 6 6 4 3 9 9 7 7 6 6 3 3 3 9 9 7 7 7
24 3 12 12 12 12 12 9 9 3 3 3 8 8 9 9 6 3 7 0 0 8 9 6 6 7 7 0 0 8 8 6 6 7 1 1 5 4 4 4 4 7 1 5 5 5 10 4 2 11 1 1 5 10 10 10 2 11 11 11 11 10 2 2 2
25 12 3 3 3 11 11 11 11 12 7 3 6 6 6 10 11 12 7 3 6 6 10 10 10 12 7 7 0 0 10 9 9 12 5 7 0 0 9 9 4 5 5 5 2 8 9 4 4 1 5 1 2 8 8 8 4 1 1 1 2 2 2 8 4
26 12 12 12 12 12 7 7 9 11 11 3 7 7 7 9 9 11 4 3 3 3 9 9 8 11 4 3 0 0 8 8 8 11 4 4 0 0 8 10 10 6 4 1 1 5 10 10 2 6 6 1 5 5 5 10 2 6 6 1 1 5 2 2 2
27 4 4 4 4 5 3 3 3 1 4 1 5 5 5 3 12 1 1 1 6 5 10 3 12 0 0 6 6 10 10 10 12 0 0 6 6 9 9 10 12 2 8 7 7 7 9 9 12 2 8 8 8 7 7 9 11 2 2 2 8 11 11 11 11
28 8 8 9 4 4 4 4 3 2 8 9 9 4 3 3 3 2 8 8 9 9 6 6 3 2 2 2 0 0 6 6 6 1 1 5 0 0 10 11 11 1 5 5 5 10 10 10 11 1 1 5 7 7 7 10 11 12 12 12 12 12 7 7 11
29 1 1 5 4 4 4 4 3 1 5 5 5 4 3 3 3 1 1 5 6 6 6 9 3 2 2 2 6 6 9 9 11 2 7 8 8 9 9 10 11 2 7 7 8 10 10 10 11 0 0 7 8 8 10 11 11 0 0 7 12 12 12 12 12
30 7 7 4 4 4 4 6 6 11 7 7 7 4 9 6 6 11 11 11 11 9 9 5 6 3 3 3 9 9 5 5 5 2 3 0 0 8 8 5 10 2 3 0 0 8 10 10 10 2 2 2 8 8 1 10 1 12 12 12 12 12 1 1 1
30b 7 7 4 4 4 4 6 6 11 7 7 7 4 9 6 6 11 11 11 11 9 9 10 6 3 3 3 9 9 10 10 10 2 3 0 0 8 8 5 10 2 3 0 0 8 5 5 5 2 2 2 8 8 1 5 1 12 12 12 12 12 1 1 1
30b1 4 4 4 4 7 7 6 6 11 4 7 7 7 9 6 6 11 11 11 11 9 9 10 6 3 3 3 9 9 10 10 10 2 3 0 0 8 8 5 10 2 3 0 0 8 5 5 5 2 2 2 8 8 1 5 1 12 12 12 12 12 1 1 1
30a1 4 4 4 4 7 7 6 6 11 4 7 7 7 9 6 6 11 11 11 11 9 9 5 6 3 3 3 9 9 5 5 5 2 3 0 0 8 8 5 10 2 3 0 0 8 10 10 10 2 2 2 8 8 1 10 1 12 12 12 12 12 1 1 1
30bis 4 4 4 4 7 7 6 6 11 4 7 7 7 9 6 6 11 11 11 11 9 9 5 6 2 2 2 9 9 5 5 5 2 8 8 3 3 3 5 10 2 8 0 0 3 10 10 10 8 8 0 0 3 1 10 1 12 12 12 12 12 1 1 1
30bis1 4 4 4 4 7 7 6 6 11 4 7 7 7 9 6 6 11 11 11 11 9 9 10 6 2 2 2 9 9 10 10 10 2 8 8 3 3 3 5 10 2 8 0 0 3 5 5 5 8 8 0 0 3 1 5 1 12 12 12 12 12 1 1 1
30bis1b 7 7 4 4 4 4 6 6 11 7 7 7 4 9 6 6 11 11 11 11 9 9 10 6 2 2 2 9 9 10 10 10 2 8 8 3 3 3 5 10 2 8 0 0 3 5 5 5 8 8 0 0 3 1 5 1 12 12 12 12 12 1 1 1
30bis1c 7 7 4 4 4 4 6 6 11 7 7 7 4 9 6 6 11 11 11 11 9 9 5 6 2 2 2 9 9 5 5 5 2 8 8 3 3 3 5 10 2 8 0 0 3 10 10 10 8 8 0 0 3 1 10 1 12 12 12 12 12 1 1 1
31 1 1 1 2 2 2 6 6 1 5 1 2 8 8 6 6 5 5 5 2 8 11 11 6 4 5 10 8 8 7 11 12 4 4 10 10 10 7 11 12 4 3 9 10 7 7 11 12 4 3 9 9 7 0 0 12 3 3 3 9 9 0 0 12
32 11 3 12 12 12 12 12 8 11 3 3 3 10 8 8 8 11 3 10 10 10 8 6 6 11 11 5 10 1 1 6 6 4 5 5 5 1 9 9 6 4 4 5 2 1 1 9 9 4 0 0 2 7 7 7 9 4 0 0 2 2 2 7 7
33 2 2 2 8 12 1 1 1 2 8 8 8 12 1 10 1 2 8 3 11 12 10 10 10 3 3 3 11 12 9 9 10 6 6 3 11 12 5 9 9 6 6 11 11 5 5 5 9 6 7 7 7 4 5 0 0 7 7 4 4 4 4 0 0
35 1 1 1 6 6 6 0 0 1 5 1 6 6 4 0 0 5 5 5 4 4 4 4 7 9 5 12 12 12 12 12 7 9 9 10 10 8 8 7 7 3 9 9 10 10 8 7 2 3 3 3 10 11 8 8 2 3 11 11 11 11 2 2 2
36 2 2 2 11 11 11 11 12 2 8 8 5 9 9 11 12 2 8 5 5 5 9 9 12 8 8 3 5 10 10 9 12 0 0 3 3 3 10 10 12 0 0 3 7 7 10 1 1 6 6 6 4 7 7 7 1 6 6 4 4 4 4 1 1
37 2 2 2 10 10 3 3 3 2 7 11 11 10 10 3 12 2 7 7 11 10 5 3 12 6 6 7 11 5 5 5 12 6 6 7 11 1 5 1 12 6 9 9 8 1 1 1 12 9 9 4 8 8 8 0 0 9 4 4 4 4 8 0 0
38 1 1 4 4 4 4 0 0 1 3 3 3 4 10 0 0 1 1 3 10 10 10 6 6 8 8 3 5 10 6 6 6 2 8 5 5 5 9 7 11 2 8 8 5 9 9 7 11 2 2 2 9 9 7 7 11 12 12 12 12 12 7 11 11
38b 2 2 2 9 9 6 6 6 2 8 8 5 9 9 6 6 2 8 5 5 5 9 10 4 8 8 3 5 10 10 10 4 1 1 3 7 7 10 4 4 1 3 3 3 7 7 7 4 1 1 11 11 11 11 0 0 12 12 12 12 12 11 0 0
39 6 6 4 4 4 4 10 12 6 6 6 4 10 10 10 12 11 11 7 8 8 10 3 12 11 7 7 8 3 3 3 12 11 7 8 8 9 9 3 12 11 7 2 9 9 5 1 1 0 0 2 9 5 5 5 1 0 0 2 2 2 5 1 1
40 7 7 2 2 2 0 0 12 3 7 7 7 2 0 0 12 3 3 3 8 2 6 6 12 3 8 8 8 6 6 6 12 4 8 10 10 9 9 5 12 4 10 10 9 9 5 5 5 4 4 10 9 11 1 5 1 4 11 11 11 11 1 1 1
41 8 4 4 4 4 6 6 6 8 8 8 4 9 9 6 6 10 10 8 9 9 2 2 2 12 10 10 9 3 3 3 2 12 10 5 11 11 3 7 2 12 5 5 5 11 3 7 7 12 1 5 1 11 0 0 7 12 1 1 1 11 0 0 7
42 2 2 2 10 10 3 3 3 2 4 0 0 10 10 3 7 2 4 0 0 10 8 3 7 12 4 4 8 8 8 7 7 12 4 5 8 9 9 7 11 12 5 5 5 6 9 9 11 12 1 5 1 6 6 9 11 12 1 1 1 6 6 11 11
43 12 12 12 12 12 0 0 11 2 2 2 1 1 0 0 11 2 3 3 3 1 8 8 11 2 7 3 1 1 8 11 11 7 7 3 5 8 8 6 6 7 10 5 5 5 9 6 6 7 10 10 5 4 9 9 6 10 10 4 4 4 4 9 9
44 8 8 10 7 7 7 11 11 2 8 10 10 10 7 7 11 2 8 8 10 6 6 3 11 2 2 2 6 6 6 3 11 4 4 4 4 9 3 3 3 0 0 4 9 9 5 1 1 0 0 9 9 5 5 5 1 12 12 12 12 12 5 1 1
45b 4 12 12 12 12 12 0 0 4 9 9 3 3 3 0 0 4 4 9 9 3 1 1 1 4 7 7 9 3 1 5 1 11 6 7 7 7 5 5 5 11 6 6 8 8 10 5 2 11 6 6 8 10 10 10 2 11 11 8 8 10 2 2 2
45 0 0 12 12 12 12 12 4 0 0 9 9 3 3 3 4 1 1 1 9 9 3 4 4 1 5 1 7 9 3 6 4 5 5 5 7 8 8 6 6 2 5 10 7 7 8 6 6 2 10 10 10 7 8 8 11 2 2 2 10 11 11 11 11
46 4 10 10 12 12 12 12 12 4 4 10 10 5 1 1 11 4 8 10 5 5 5 1 11 4 8 8 8 5 1 1 11 3 3 3 8 6 6 11 11 2 3 9 6 6 6 0 0 2 3 9 9 7 7 0 0 2 2 2 9 9 7 7 7
47 1 1 1 3 4 4 4 4 1 6 1 3 3 3 4 7 6 6 9 3 0 0 7 7 6 6 9 9 0 0 7 11 2 2 2 9 9 5 7 11 2 8 8 10 5 5 5 11 2 8 10 10 10 5 11 11 8 8 10 12 12 12 12 12
48 6 6 11 11 11 11 7 7 6 6 11 3 7 7 7 9 1 6 1 3 3 3 9 9 1 1 1 3 5 9 9 4 2 2 2 5 5 5 4 4 2 8 8 10 5 0 0 4 2 8 10 10 10 0 0 4 8 8 10 12 12 12 12 12
49 2 2 2 3 3 3 6 6 2 1 1 1 3 6 6 6 2 1 5 1 3 0 0 7 4 5 5 5 10 0 0 7 4 4 5 10 10 10 7 7 4 8 8 9 9 10 7 11 4 8 9 9 11 11 11 11 8 8 9 12 12 12 12 12
50 11 11 5 7 7 7 1 1 11 5 5 5 9 7 7 1 11 4 5 9 9 10 1 1 11 4 9 9 10 10 10 3 4 4 8 8 10 3 3 3 2 4 8 0 0 6 6 3 2 8 8 0 0 6 6 6 2 2 2 12 12 12 12 12
51 3 4 4 4 4 9 7 11 3 3 3 4 9 9 7 11 3 6 6 9 9 7 7 11 6 6 6 0 0 7 11 11 1 1 5 0 0 2 2 2 1 5 5 5 10 8 8 2 1 1 5 10 10 10 8 2 12 12 12 12 12 10 8 8
51b 3 4 4 4 4 9 8 8 3 3 3 4 9 9 8 2 3 6 6 9 9 8 8 2 6 6 6 0 0 2 2 2 1 1 5 0 0 7 11 11 1 5 5 5 10 7 7 11 1 1 5 10 10 10 7 11 12 12 12 12 12 10 7 11
28b 3 4 4 4 4 9 8 8 3 3 3 4 9 9 8 2 3 6 6 9 9 8 8 2 6 6 6 0 0 2 2 2 1 1 5 0 0 10 11 11 1 5 5 5 10 10 10 11 1 1 5 7 7 7 10 11 12 12 12 12 12 7 7 11
28c 8 8 9 4 4 4 4 3 2 8 9 9 4 3 3 3 2 8 8 9 9 6 6 3 2 2 2 0 0 6 6 6 1 1 5 0 0 7 11 11 1 5 5 5 10 7 7 11 1 1 5 10 10 10 7 11 12 12 12 12 12 10 7 11
52 12 11 11 11 11 6 6 7 12 2 2 2 11 6 6 7 12 2 8 8 10 6 7 7 12 2 8 10 10 10 7 4 12 8 8 0 0 10 4 4 1 1 5 0 0 9 3 4 1 5 5 5 9 9 3 4 1 1 5 9 9 3 3 3
53 11 11 11 11 3 2 2 2 11 7 3 3 3 2 6 6 7 7 10 10 3 2 6 6 7 10 10 0 0 9 9 6 7 5 10 0 0 8 9 9 5 5 5 8 8 8 4 9 1 5 1 8 4 4 4 4 1 1 1 12 12 12 12 12
54 2 2 2 4 11 11 11 11 2 4 4 4 4 6 6 11 2 1 1 1 6 6 6 10 12 1 7 1 5 10 10 10 12 7 7 5 5 5 10 8 12 7 3 9 5 8 8 8 12 7 3 9 9 8 0 0 12 3 3 3 9 9 0 0
55 12 1 1 1 11 11 11 11 12 1 5 1 8 8 10 11 12 5 5 5 8 10 10 10 12 7 5 8 8 10 6 6 12 7 2 2 2 4 6 6 7 7 9 3 2 4 4 6 7 9 9 3 2 4 0 0 9 9 3 3 3 4 0 0
55b 12 1 1 1 11 11 11 11 12 1 5 1 8 8 10 11 12 5 5 5 8 10 10 10 12 7 5 8 8 10 0 0 12 7 2 2 2 4 0 0 7 7 9 3 2 4 4 6 7 9 9 3 2 4 6 6 9 9 3 3 3 4 6 6
55b1 12 1 1 1 11 11 11 11 12 1 5 1 8 8 10 11 12 5 5 5 8 10 10 10 12 7 5 8 8 10 0 0 12 7 3 3 3 4 0 0 7 7 9 3 2 4 4 6 7 9 9 3 2 4 6 6 9 9 2 2 2 4 6 6
55a1 12 1 1 1 11 11 11 11 12 1 5 1 8 8 10 11 12 5 5 5 8 10 10 10 12 7 5 8 8 10 6 6 12 7 3 3 3 4 6 6 7 7 9 3 2 4 4 6 7 9 9 3 2 4 0 0 9 9 2 2 2 4 0 0
56 9 9 3 3 3 2 2 2 11 9 9 3 12 2 0 0 11 8 9 3 12 2 0 0 11 8 8 8 12 1 1 1 11 11 5 8 12 1 10 1 6 5 5 5 12 10 10 10 6 6 5 7 7 7 4 10 6 6 7 7 4 4 4 4
56b 9 9 3 3 3 2 0 0 11 9 9 3 12 2 0 0 11 8 9 3 12 2 2 2 11 8 8 8 12 1 1 1 11 11 5 8 12 1 10 1 6 5 5 5 12 10 10 10 6 6 5 7 7 7 4 10 6 6 7 7 4 4 4 4
56c 9 9 3 3 3 0 0 2 11 9 9 3 12 0 0 2 11 8 9 3 12 2 2 2 11 8 8 8 12 1 1 1 11 11 5 8 12 1 10 1 6 5 5 5 12 10 10 10 6 6 5 7 7 7 4 10 6 6 7 7 4 4 4 4
56d 9 9 3 3 3 2 2 2 11 9 9 3 12 0 0 2 11 8 9 3 12 0 0 2 11 8 8 8 12 1 1 1 11 11 5 8 12 1 10 1 6 5 5 5 12 10 10 10 6 6 5 7 7 7 4 10 6 6 7 7 4 4 4 4
57 11 11 12 12 12 12 12 3 11 4 4 4 4 3 3 3 11 8 8 4 9 9 7 3 11 8 2 9 9 10 7 7 8 8 2 9 10 10 10 7 2 2 2 5 1 1 10 7 6 6 5 5 5 1 0 0 6 6 6 5 1 1 0 0
58 1 1 4 4 4 4 10 10 1 8 8 4 5 10 10 2 1 1 8 5 5 5 10 2 9 9 8 8 5 2 2 2 6 9 9 3 0 0 7 11 6 6 9 3 0 0 7 11 6 6 3 3 3 7 7 11 12 12 12 12 12 7 11 11
59 4 8 12 12 12 12 12 3 4 8 8 8 10 3 3 3 4 4 5 8 10 10 10 3 4 5 5 5 7 10 1 1 9 9 5 7 7 11 11 1 6 9 9 7 2 11 1 1 6 6 9 7 2 11 0 0 6 6 2 2 2 11 0 0
59b 4 8 12 12 12 12 12 3 4 8 8 8 10 3 3 3 4 4 5 8 10 10 10 3 4 5 5 5 7 10 1 1 6 6 5 7 7 11 11 1 6 6 9 7 2 11 1 1 6 9 9 7 2 11 0 0 9 9 2 2 2 11 0 0
60 2 2 2 6 11 11 11 11 2 8 8 6 6 4 7 11 2 8 9 6 6 4 7 7 8 8 9 9 4 4 3 7 1 1 5 9 9 4 3 7 1 5 5 5 10 3 3 3 1 1 5 10 10 10 0 0 12 12 12 12 12 10 0 0
61 7 7 12 12 12 12 12 4 10 7 7 7 0 0 4 4 10 10 10 6 0 0 8 4 9 10 6 6 8 8 8 4 9 9 6 6 8 5 1 1 2 9 9 3 5 5 5 1 2 3 3 3 11 5 1 1 2 2 2 3 11 11 11 11
61b 7 7 12 12 12 12 12 4 10 7 7 7 6 6 4 4 10 10 10 6 6 6 8 4 9 10 0 0 8 8 8 4 9 9 0 0 8 5 1 1 2 9 9 3 5 5 5 1 2 3 3 3 11 5 1 1 2 2 2 3 11 11 11 11
62 3 11 11 11 11 0 0 12 3 3 3 6 11 0 0 12 3 9 9 6 6 8 8 12 9 9 7 6 6 8 4 12 9 5 7 7 8 8 4 12 5 5 5 7 10 4 4 2 1 5 1 7 10 10 4 2 1 1 1 10 10 2 2 2
63 1 1 5 9 9 3 3 3 1 5 5 5 9 9 3 11 1 1 5 12 10 9 3 11 0 0 4 12 10 10 10 11 0 0 4 12 8 10 11 11 6 4 4 12 8 8 8 2 6 6 4 12 7 7 8 2 6 6 7 7 7 2 2 2
64 1 1 1 8 8 2 2 2 1 4 1 8 6 6 6 2 12 4 8 8 6 6 5 2 12 4 4 0 0 5 5 5 12 4 7 0 0 10 5 9 12 3 7 10 10 10 9 9 12 3 7 7 10 9 9 11 3 3 3 7 11 11 11 11
64b 2 2 2 8 8 1 1 1 2 6 6 6 8 1 4 1 2 5 6 6 8 8 4 12 5 5 5 9 9 4 4 12 11 5 10 10 9 9 4 12 11 0 0 10 10 9 3 12 11 0 0 10 7 7 3 12 11 11 7 7 7 3 3 3
65 2 2 2 8 1 1 1 7 2 8 8 8 1 12 1 7 2 8 10 6 6 12 7 7 10 10 10 6 6 12 7 4 11 10 0 0 6 12 4 4 11 9 0 0 5 12 3 4 11 9 9 5 5 5 3 4 11 11 9 9 5 3 3 3
65b 2 2 2 8 1 1 1 7 2 8 8 8 1 12 1 7 2 8 10 0 0 12 7 7 10 10 10 0 0 12 7 4 11 10 6 6 6 12 4 4 11 9 6 6 5 12 3 4 11 9 9 5 5 5 3 4 11 11 9 9 5 3 3 3
65b1 2 2 2 8 1 1 1 4 2 8 8 8 1 12 1 4 2 8 10 0 0 12 4 4 10 10 10 0 0 12 7 4 11 10 6 6 6 12 7 7 11 9 6 6 5 12 3 7 11 9 9 5 5 5 3 7 11 11 9 9 5 3 3 3
65a1 2 2 2 8 1 1 1 4 2 8 8 8 1 12 1 4 2 8 10 6 6 12 4 4 10 10 10 6 6 12 7 4 11 10 0 0 6 12 7 7 11 9 0 0 5 12 3 7 11 9 9 5 5 5 3 7 11 11 9 9 5 3 3 3
65a1b 2 2 2 8 1 1 1 4 2 8 8 8 1 12 1 4 2 8 10 6 6 12 4 4 10 10 10 6 6 12 7 4 9 10 0 0 6 12 7 7 9 9 0 0 5 12 3 7 11 9 9 5 5 5 3 7 11 11 11 11 5 3 3 3
65a1c 2 2 2 8 1 1 1 4 2 8 8 8 1 12 1 4 2 8 10 0 0 12 4 4 10 10 10 0 0 12 7 4 9 10 6 6 6 12 7 7 9 9 6 6 5 12 3 7 11 9 9 5 5 5 3 7 11 11 11 11 5 3 3 3
65a1d 2 2 2 8 1 1 1 7 2 8 8 8 1 12 1 7 2 8 10 0 0 12 7 7 10 10 10 0 0 12 7 4 9 10 6 6 6 12 4 4 9 9 6 6 5 12 3 4 11 9 9 5 5 5 3 4 11 11 11 11 5 3 3 3
65a1e 2 2 2 8 1 1 1 7 2 8 8 8 1 12 1 7 2 8 10 6 6 12 7 7 10 10 10 6 6 12 7 4 9 10 0 0 6 12 4 4 9 9 0 0 5 12 3 4 11 9 9 5 5 5 3 4 11 11 11 11 5 3 3 3
65C 0 0 8 8 1 1 1 7 0 0 2 8 1 12 1 7 6 6 2 8 8 12 7 7 6 6 2 2 2 12 7 4 6 10 10 9 9 12 4 4 10 10 9 9 5 12 3 4 11 10 9 5 5 5 3 4 11 11 11 11 5 3 3 3
65Cb 0 0 8 8 1 1 1 4 0 0 2 8 1 12 1 4 6 6 2 8 8 12 4 4 6 6 2 2 2 12 7 4 6 10 10 9 9 12 7 7 10 10 9 9 5 12 3 7 11 10 9 5 5 5 3 7 11 11 11 11 5 3 3 3
65B 8 2 2 2 1 1 1 4 8 8 8 2 1 12 1 4 0 0 8 2 6 12 4 4 0 0 10 6 6 12 7 4 11 10 10 6 6 12 7 7 11 9 10 10 5 12 3 7 11 9 9 5 5 5 3 7 11 11 9 9 5 3 3 3
65Bb 8 2 2 2 1 1 1 4 8 8 8 2 1 12 1 4 0 0 8 2 6 12 4 4 0 0 10 6 6 12 7 4 9 10 10 6 6 12 7 7 9 9 10 10 5 12 3 7 11 9 9 5 5 5 3 7 11 11 11 11 5 3 3 3
66a 3 4 4 4 4 6 0 0 3 3 3 4 6 6 0 0 3 5 1 1 6 6 7 7 5 5 5 1 7 7 7 12 11 5 1 1 10 8 8 12 11 9 10 10 10 8 2 12 11 9 9 10 8 8 2 12 11 11 9 9 2 2 2 12
66b 3 4 4 4 4 7 7 7 3 3 3 4 7 7 0 0 3 5 1 1 6 6 0 0 5 5 5 1 6 6 6 12 11 5 1 1 10 8 8 12 11 9 10 10 10 8 2 12 11 9 9 10 8 8 2 12 11 11 9 9 2 2 2 12
66c 3 4 4 4 4 7 6 6 3 3 3 4 7 7 6 6 3 5 1 1 7 0 0 6 5 5 5 1 7 0 0 12 11 5 1 1 10 8 8 12 11 9 10 10 10 8 2 12 11 9 9 10 8 8 2 12 11 11 9 9 2 2 2 12
66d 3 4 4 4 4 7 7 7 3 3 3 4 7 7 6 6 3 5 1 1 0 0 6 6 5 5 5 1 0 0 6 12 11 5 1 1 10 8 8 12 11 9 10 10 10 8 2 12 11 9 9 10 8 8 2 12 11 11 9 9 2 2 2 12
66e 3 4 4 4 4 6 6 6 3 3 3 4 0 0 6 6 3 5 1 1 0 0 7 7 5 5 5 1 7 7 7 12 11 5 1 1 10 8 8 12 11 9 10 10 10 8 2 12 11 9 9 10 8 8 2 12 11 11 9 9 2 2 2 12
66f 3 4 4 4 4 0 0 7 3 3 3 4 6 0 0 7 3 5 1 1 6 6 7 7 5 5 5 1 6 6 7 12 11 5 1 1 10 8 8 12 11 9 10 10 10 8 2 12 11 9 9 10 8 8 2 12 11 11 9 9 2 2 2 12
66g 3 4 4 4 4 0 0 12 3 3 3 4 6 0 0 12 3 5 1 1 6 6 7 12 5 5 5 1 6 6 7 12 11 5 1 1 10 7 7 12 11 9 10 10 10 7 8 2 11 9 9 10 8 8 8 2 11 11 9 9 8 2 2 2
66h 3 4 4 4 4 0 0 12 3 3 3 4 6 0 0 12 3 5 1 1 6 6 7 12 5 5 5 1 6 6 7 12 10 5 1 1 9 7 7 12 10 10 10 9 9 7 8 2 11 10 9 9 8 8 8 2 11 11 11 11 8 2 2 2
66i 3 4 4 4 4 0 0 7 3 3 3 4 6 0 0 7 3 5 1 1 6 6 7 7 5 5 5 1 6 6 7 12 10 5 1 1 9 8 8 12 10 10 10 9 9 8 2 12 11 10 9 9 8 8 2 12 11 11 11 11 2 2 2 12
66j 3 4 4 4 4 7 0 0 3 3 3 4 7 7 0 0 3 5 1 1 7 6 6 6 5 5 5 1 7 6 6 12 10 5 1 1 9 8 8 12 10 10 10 9 9 8 2 12 11 10 9 9 8 8 2 12 11 11 11 11 2 2 2 12
66k 3 4 4 4 4 7 7 7 3 3 3 4 7 7 0 0 3 5 1 1 6 6 0 0 5 5 5 1 6 6 6 12 10 5 1 1 9 8 8 12 10 10 10 9 9 8 2 12 11 10 9 9 8 8 2 12 11 11 11 11 2 2 2 12
66l 3 4 4 4 4 7 6 6 3 3 3 4 7 7 6 6 3 5 1 1 7 0 0 6 5 5 5 1 7 0 0 12 10 5 1 1 9 8 8 12 10 10 10 9 9 8 2 12 11 10 9 9 8 8 2 12 11 11 11 11 2 2 2 12
66m 3 4 4 4 4 6 6 7 3 3 3 4 6 6 6 7 3 5 1 1 0 0 7 7 5 5 5 1 0 0 7 12 10 5 1 1 9 8 8 12 10 10 10 9 9 8 2 12 11 10 9 9 8 8 2 12 11 11 11 11 2 2 2 12
66n 3 4 4 4 4 6 6 6 3 3 3 4 0 0 6 6 3 5 1 1 0 0 7 7 5 5 5 1 7 7 7 12 10 5 1 1 9 8 8 12 10 10 10 9 9 8 2 12 11 10 9 9 8 8 2 12 11 11 11 11 2 2 2 12
66p 3 4 4 4 4 6 6 7 3 3 3 4 6 6 6 7 3 5 1 1 0 0 7 7 5 5 5 1 0 0 7 12 11 5 1 1 10 8 8 12 11 9 10 10 10 8 2 12 11 9 9 10 8 8 2 12 11 11 9 9 2 2 2 12
67 2 2 2 12 12 12 12 12 2 0 0 8 8 1 1 1 2 0 0 8 7 1 5 1 10 10 8 8 7 5 5 5 4 10 10 6 7 7 5 9 4 10 3 6 6 7 9 9 4 4 3 6 6 9 9 11 4 3 3 3 11 11 11 11
67b 2 0 0 12 12 12 12 12 2 0 0 8 8 1 1 1 2 2 2 8 7 1 5 1 10 10 8 8 7 5 5 5 4 10 10 6 7 7 5 9 4 10 3 6 6 7 9 9 4 4 3 6 6 9 9 11 4 3 3 3 11 11 11 11
67c 0 0 2 12 12 12 12 12 0 0 2 8 8 1 1 1 2 2 2 8 7 1 5 1 10 10 8 8 7 5 5 5 4 10 10 6 7 7 5 9 4 10 3 6 6 7 9 9 4 4 3 6 6 9 9 11 4 3 3 3 11 11 11 11
67d 2 2 2 12 12 12 12 12 0 0 2 8 8 1 1 1 0 0 2 8 7 1 5 1 10 10 8 8 7 5 5 5 4 10 10 6 7 7 5 9 4 10 3 6 6 7 9 9 4 4 3 6 6 9 9 11 4 3 3 3 11 11 11 11
67e 2 2 2 12 12 12 12 12 2 0 0 8 8 1 1 1 2 0 0 8 7 1 5 1 10 10 8 8 7 5 5 5 4 10 10 6 7 7 5 11 4 10 3 6 6 7 9 11 4 4 3 6 6 9 9 11 4 3 3 3 9 9 11 11
67f 2 0 0 12 12 12 12 12 2 0 0 8 8 1 1 1 2 2 2 8 7 1 5 1 10 10 8 8 7 5 5 5 4 10 10 6 7 7 5 11 4 10 3 6 6 7 9 11 4 4 3 6 6 9 9 11 4 3 3 3 9 9 11 11
67g 0 0 2 12 12 12 12 12 0 0 2 8 8 1 1 1 2 2 2 8 7 1 5 1 10 10 8 8 7 5 5 5 4 10 10 6 7 7 5 11 4 10 3 6 6 7 9 11 4 4 3 6 6 9 9 11 4 3 3 3 9 9 11 11
67h 2 2 2 12 12 12 12 12 0 0 2 8 8 1 1 1 0 0 2 8 7 1 5 1 10 10 8 8 7 5 5 5 4 10 10 6 7 7 5 11 4 10 3 6 6 7 9 11 4 4 3 6 6 9 9 11 4 3 3 3 9 9 11 11
68 2 2 2 9 9 6 6 6 2 1 1 5 9 9 6 6 2 1 5 5 5 9 11 11 4 1 1 5 8 7 11 12 4 4 8 8 8 7 11 12 4 3 8 10 7 7 11 12 4 3 10 10 7 0 0 12 3 3 3 10 10 0 0 12
69 11 12 12 12 12 12 8 8 11 11 11 11 9 9 8 4 1 1 1 9 9 8 8 4 1 5 1 9 6 6 4 4 5 5 5 6 6 6 7 4 2 5 10 3 3 3 7 7 2 10 10 10 3 0 0 7 2 2 2 10 3 0 0 7
69b 11 12 12 12 12 12 8 8 11 11 11 11 9 9 8 7 1 1 1 9 9 8 8 7 1 5 1 9 6 6 7 7 5 5 5 6 6 6 7 4 2 5 10 3 3 3 4 4 2 10 10 10 3 0 0 4 2 2 2 10 3 0 0 4
70 7 7 7 4 4 4 4 6 11 11 7 7 3 4 6 6 11 12 3 3 3 8 6 6 11 12 0 0 3 8 8 8 11 12 0 0 5 10 10 8 2 12 9 5 5 5 10 10 2 12 9 9 5 1 10 1 2 2 2 9 9 1 1 1
70b 7 7 7 4 4 4 4 6 11 11 7 7 3 4 6 6 11 12 3 3 3 8 6 6 11 12 0 0 3 8 8 8 11 12 0 0 10 10 5 8 2 12 9 10 10 5 5 5 2 12 9 9 10 1 5 1 2 2 2 9 9 1 1 1
71 4 4 4 4 2 2 2 3 10 4 8 8 2 3 3 3 10 10 10 8 2 9 9 3 6 10 12 8 8 7 9 9 6 6 12 11 7 7 5 9 6 6 12 11 7 5 5 5 0 0 12 11 7 1 5 1 0 0 12 11 11 1 1 1
71b 4 4 4 4 2 2 2 3 10 4 8 8 2 3 3 3 10 10 10 8 2 9 9 3 12 10 6 8 8 7 9 9 12 6 6 11 7 7 5 9 12 6 6 11 7 5 5 5 12 0 0 11 7 1 5 1 12 0 0 11 11 1 1 1
71c 4 4 4 4 3 2 2 2 10 4 8 8 3 3 3 2 10 10 10 8 3 9 9 2 12 10 6 8 8 7 9 9 12 6 6 11 7 7 5 9 12 6 6 11 7 5 5 5 12 0 0 11 7 1 5 1 12 0 0 11 11 1 1 1
71d 4 4 4 4 3 2 2 2 10 4 8 8 3 3 3 2 10 10 10 8 3 9 9 2 6 10 12 8 8 7 9 9 6 6 12 11 7 7 5 9 6 6 12 11 7 5 5 5 0 0 12 11 7 1 5 1 0 0 12 11 11 1 1 1
72 11 11 7 7 7 5 1 1 11 7 7 3 5 5 5 1 11 3 3 3 10 5 1 1 11 6 12 3 10 10 9 9 6 6 12 10 10 9 9 4 6 6 12 2 8 9 4 4 0 0 12 2 8 8 8 4 0 0 12 2 2 2 8 4
73 1 1 1 9 9 3 3 3 1 10 1 5 9 9 3 7 10 10 5 5 5 9 3 7 12 10 10 5 8 8 7 7 12 11 11 11 11 8 7 4 12 2 0 0 11 8 8 4 12 2 0 0 6 6 4 4 12 2 2 2 6 6 6 4
73b 1 1 1 9 9 3 3 3 1 5 1 10 9 9 3 7 5 5 5 10 10 9 3 7 12 5 10 10 8 8 7 7 12 11 11 11 11 8 7 4 12 2 0 0 11 8 8 4 12 2 0 0 6 6 4 4 12 2 2 2 6 6 6 4
73c 1 1 1 9 9 3 3 3 1 5 1 10 9 9 3 7 5 5 5 10 10 9 3 7 12 5 10 10 8 8 7 7 12 11 11 11 11 8 7 4 12 2 2 2 11 8 8 4 12 2 0 0 6 6 4 4 12 2 0 0 6 6 6 4
73d 1 1 1 9 9 3 3 3 1 10 1 5 9 9 3 7 10 10 5 5 5 9 3 7 12 10 10 5 8 8 7 7 12 11 11 11 11 8 7 4 12 2 2 2 11 8 8 4 12 2 0 0 6 6 4 4 12 2 0 0 6 6 6 4
73e 1 1 1 9 9 3 3 3 1 10 1 5 9 9 3 7 10 10 5 5 5 9 3 7 12 10 10 5 8 8 7 7 12 11 11 11 11 8 7 4 12 2 2 2 11 8 8 4 12 0 0 2 6 6 4 4 12 0 0 2 6 6 6 4
73f 1 1 1 9 9 3 3 3 1 5 1 10 9 9 3 7 5 5 5 10 10 9 3 7 12 5 10 10 8 8 7 7 12 11 11 11 11 8 7 4 12 2 2 2 11 8 8 4 12 0 0 2 6 6 4 4 12 0 0 2 6 6 6 4
73g 1 1 1 9 9 3 3 3 1 5 1 10 9 9 3 7 5 5 5 10 10 9 3 7 12 5 10 10 8 8 7 7 12 11 11 11 11 8 7 4 12 0 0 2 11 8 8 4 12 0 0 2 6 6 4 4 12 2 2 2 6 6 6 4
73h 1 1 1 9 9 3 3 3 1 10 1 5 9 9 3 7 10 10 5 5 5 9 3 7 12 10 10 5 8 8 7 7 12 11 11 11 11 8 7 4 12 0 0 2 11 8 8 4 12 0 0 2 6 6 4 4 12 2 2 2 6 6 6 4
73B 1 1 1 4 4 4 4 7 1 10 1 5 4 8 8 7 10 10 5 5 5 8 7 7 12 10 10 5 8 8 7 3 12 11 11 11 11 3 3 3 12 0 0 2 11 9 9 3 12 0 0 2 6 6 9 9 12 2 2 2 6 6 6 9
73Bb 1 1 1 4 4 4 4 7 1 5 1 10 4 8 8 7 5 5 5 10 10 8 7 7 12 5 10 10 8 8 7 3 12 11 11 11 11 3 3 3 12 0 0 2 11 9 9 3 12 0 0 2 6 6 9 9 12 2 2 2 6 6 6 9
73Bc 1 1 1 4 4 4 4 7 1 5 1 10 4 8 8 7 5 5 5 10 10 8 7 7 12 5 10 10 8 8 7 3 12 11 11 11 11 3 3 3 12 2 0 0 11 9 9 3 12 2 0 0 6 6 9 9 12 2 2 2 6 6 6 9
73Bd 1 1 1 4 4 4 4 7 1 10 1 5 4 8 8 7 10 10 5 5 5 8 7 7 12 10 10 5 8 8 7 3 12 11 11 11 11 3 3 3 12 2 0 0 11 9 9 3 12 2 0 0 6 6 9 9 12 2 2 2 6 6 6 9
73Be 1 1 1 4 4 4 4 7 1 10 1 5 4 8 8 7 10 10 5 5 5 8 7 7 12 10 10 5 8 8 7 3 12 11 11 11 11 3 3 3 12 2 2 2 11 9 9 3 12 2 0 0 6 6 9 9 12 2 0 0 6 6 6 9
73Bf 1 1 1 4 4 4 4 7 1 5 1 10 4 8 8 7 5 5 5 10 10 8 7 7 12 5 10 10 8 8 7 3 12 11 11 11 11 3 3 3 12 2 2 2 11 9 9 3 12 2 0 0 6 6 9 9 12 2 0 0 6 6 6 9
73Bg 1 1 1 4 4 4 4 7 1 5 1 10 4 8 8 7 5 5 5 10 10 8 7 7 12 5 10 10 8 8 7 3 12 11 11 11 11 3 3 3 12 2 2 2 11 9 9 3 12 0 0 2 6 6 9 9 12 0 0 2 6 6 6 9
73Bh 1 1 1 4 4 4 4 7 1 10 1 5 4 8 8 7 10 10 5 5 5 8 7 7 12 10 10 5 8 8 7 3 12 11 11 11 11 3 3 3 12 2 2 2 11 9 9 3 12 0 0 2 6 6 9 9 12 0 0 2 6 6 6 9
74 11 11 10 10 2 2 2 12 11 0 0 10 10 4 2 12 11 0 0 10 8 4 2 12 11 7 8 8 8 4 4 12 7 7 8 9 9 4 5 12 7 3 9 9 6 5 5 5 7 3 9 6 6 1 5 1 3 3 3 6 6 1 1 1
75 3 12 12 12 12 12 9 7 3 3 3 10 10 9 9 7 3 5 10 10 9 9 7 7 5 5 5 10 11 11 7 6 4 5 2 2 2 11 6 6 4 4 2 8 8 11 6 6 4 1 2 1 8 11 0 0 4 1 1 1 8 8 0 0
76 3 12 12 12 12 12 9 7 3 3 3 10 10 9 9 7 3 5 10 10 9 9 7 7 5 5 5 10 0 0 7 6 4 5 11 11 0 0 6 6 4 1 1 11 2 8 6 6 4 4 1 11 2 8 8 8 4 1 1 11 2 2 2 8
77 2 2 2 5 4 4 4 4 2 9 5 5 5 4 8 12 2 9 9 5 8 8 8 12 1 1 9 9 8 10 10 12 1 7 7 7 10 10 3 12 1 1 6 7 7 10 3 12 0 0 6 6 11 3 3 3 0 0 6 6 11 11 11 11
78 3 11 11 11 11 2 2 2 3 3 3 5 11 8 8 2 3 4 5 5 5 9 8 2 12 4 4 5 9 9 8 8 12 4 10 9 9 6 6 6 12 4 10 10 1 1 6 6 12 10 10 7 7 1 0 0 12 7 7 7 1 1 0 0
79 4 4 4 4 6 6 6 9 7 4 0 0 6 6 9 9 7 7 0 0 3 9 9 2 11 7 8 8 3 3 3 2 11 7 10 8 3 2 2 2 11 10 10 8 8 5 1 1 11 11 10 10 5 5 5 1 12 12 12 12 12 5 1 1
79b 4 4 4 4 9 6 6 6 7 4 0 0 9 9 6 6 7 7 0 0 3 9 9 2 11 7 8 8 3 3 3 2 11 7 10 8 3 2 2 2 11 10 10 8 8 5 1 1 11 11 10 10 5 5 5 1 12 12 12 12 12 5 1 1
80 11 6 4 4 4 4 10 12 11 6 6 4 10 10 10 12 11 6 6 0 0 10 9 12 11 11 3 0 0 9 9 12 3 3 3 7 9 9 5 12 2 8 3 7 7 5 5 5 2 8 8 8 7 1 5 1 2 2 2 8 7 1 1 1
81 6 6 8 8 4 4 4 4 6 6 6 8 9 9 4 12 7 0 0 8 8 9 9 12 7 0 0 5 1 1 9 12 7 7 5 5 5 1 3 12 2 7 10 5 1 1 3 12 2 10 10 10 11 3 3 3 2 2 2 10 11 11 11 11
82 3 12 12 12 12 12 11 11 3 3 3 10 10 9 9 11 3 5 10 10 9 9 7 11 5 5 5 10 9 7 7 11 4 5 1 1 1 7 8 8 4 4 1 6 1 7 8 2 4 0 0 6 6 8 8 2 4 0 0 6 6 2 2 2
83 1 1 5 4 4 4 4 6 1 5 5 5 4 2 6 6 1 1 5 9 3 2 6 6 11 11 9 9 3 2 2 2 11 9 9 3 3 3 0 0 11 8 8 10 7 7 0 0 11 8 10 10 10 7 7 7 8 8 10 12 12 12 12 12
84 7 11 11 11 11 2 2 2 7 11 6 6 1 1 1 2 7 7 6 6 1 5 1 2 12 7 6 8 5 5 5 9 12 8 8 8 10 5 9 9 12 8 10 10 10 9 9 3 12 0 0 10 4 3 3 3 12 0 0 4 4 4 4 3
85 1 1 1 6 6 6 0 0 1 5 1 3 6 6 0 0 5 5 5 3 4 4 4 4 10 5 3 3 3 4 8 11 10 10 10 9 8 8 8 11 2 10 9 9 8 7 7 11 2 9 9 7 7 7 11 11 2 2 2 12 12 12 12 12
85b 1 1 1 6 6 6 0 0 1 10 1 3 6 6 0 0 10 10 10 3 4 4 4 4 10 5 3 3 3 4 8 11 5 5 5 9 8 8 8 11 2 5 9 9 8 7 7 11 2 9 9 7 7 7 11 11 2 2 2 12 12 12 12 12
85c 1 1 1 6 6 6 0 0 1 10 1 3 6 6 0 0 10 10 10 3 4 4 4 4 10 5 3 3 3 4 7 11 5 5 5 9 8 8 7 11 2 5 9 9 8 7 7 11 2 9 9 8 8 7 11 11 2 2 2 12 12 12 12 12
85d 1 1 1 6 6 6 0 0 1 5 1 3 6 6 0 0 5 5 5 3 4 4 4 4 10 5 3 3 3 4 7 11 10 10 10 9 8 8 7 11 2 10 9 9 8 7 7 11 2 9 9 8 8 7 11 11 2 2 2 12 12 12 12 12
86 12 8 7 7 7 6 6 6 12 8 8 8 7 7 6 6 12 0 0 8 11 11 11 11 12 0 0 4 4 4 4 11 12 5 10 10 4 3 3 3 5 5 5 10 10 9 3 2 1 5 1 10 9 9 3 2 1 1 1 9 9 2 2 2
86b 12 8 7 7 7 6 6 6 12 8 8 8 7 7 6 6 12 0 0 8 11 11 11 11 12 0 0 4 4 4 4 11 12 10 10 5 4 3 3 3 10 10 5 5 5 9 3 2 1 10 1 5 9 9 3 2 1 1 1 9 9 2 2 2
87 11 11 11 11 3 3 3 6 11 4 4 4 4 3 6 6 0 0 4 8 8 3 6 6 0 0 7 7 8 2 2 2 7 7 7 9 8 8 10 2 1 1 5 9 9 10 10 2 1 5 5 5 9 9 10 10 1 1 5 12 12 12 12 12
88 2 2 2 12 12 12 12 12 2 4 4 4 4 1 1 1 2 5 4 0 0 1 10 1 5 5 5 0 0 10 10 10 3 5 9 9 8 8 7 10 3 3 3 9 9 8 7 7 3 6 6 11 9 8 8 7 6 6 6 11 11 11 11 7
88b 2 2 2 12 12 12 12 12 2 4 4 4 4 1 1 1 2 5 4 0 0 1 10 1 5 5 5 0 0 10 10 10 3 5 9 9 7 7 7 10 3 3 3 9 9 8 7 7 3 6 6 11 9 8 8 8 6 6 6 11 11 11 11 8
88c 2 2 2 12 12 12 12 12 2 4 4 4 4 1 1 1 2 5 4 0 0 1 7 1 5 5 5 0 0 10 7 7 3 5 9 9 10 10 10 7 3 3 3 9 9 8 10 7 3 6 6 11 9 8 8 8 6 6 6 11 11 11 11 8
89 11 11 1 1 1 6 6 6 11 12 1 7 1 6 6 3 11 12 7 7 10 3 3 3 11 12 7 10 10 10 5 3 4 12 7 10 9 5 5 5 4 12 8 8 9 9 5 2 4 4 8 0 0 9 9 2 4 8 8 0 0 2 2 2
90 1 1 10 4 4 4 4 8 1 10 10 10 4 8 8 8 1 1 5 10 7 8 0 0 9 5 5 5 7 7 0 0 9 9 5 6 6 7 2 11 3 9 9 6 6 7 2 11 3 3 3 6 2 2 2 11 3 12 12 12 12 12 11 11
90b 1 1 5 4 4 4 4 8 1 5 5 5 4 8 8 8 1 1 5 10 7 8 0 0 9 10 10 10 7 7 0 0 9 9 10 6 6 7 2 11 3 9 9 6 6 7 2 11 3 3 3 6 2 2 2 11 3 12 12 12 12 12 11 11
91 7 7 12 12 12 12 12 3 8 7 7 7 5 3 3 3 8 8 8 5 5 5 10 3 2 1 8 1 5 10 10 10 2 1 1 1 9 10 11 11 2 2 2 9 9 0 0 11 6 6 9 9 4 0 0 11 6 6 6 4 4 4 4 11
92 12 1 1 1 9 9 11 11 12 1 6 1 5 9 9 11 12 6 6 5 5 5 9 11 12 6 6 7 5 10 10 11 12 0 0 7 8 8 10 10 3 0 0 7 7 8 10 2 3 3 3 4 7 8 8 2 3 4 4 4 4 2 2 2
93 10 10 3 3 3 2 2 2 11 10 10 3 12 0 0 2 11 10 5 3 12 0 0 2 11 5 5 5 12 6 6 6 11 11 5 9 12 8 6 6 1 1 9 9 12 8 8 8 1 9 9 4 7 7 7 8 1 1 4 4 4 4 7 7
93b 10 10 3 3 3 2 2 2 11 10 10 3 12 6 6 2 11 10 5 3 12 6 6 2 11 5 5 5 12 6 0 0 11 11 5 9 12 8 0 0 1 1 9 9 12 8 8 8 1 9 9 4 7 7 7 8 1 1 4 4 4 4 7 7
93b1 10 10 3 3 3 2 2 2 11 10 10 3 12 6 6 2 11 10 5 3 12 6 6 2 11 5 5 5 12 6 0 0 11 11 5 9 12 8 0 0 1 1 9 9 12 8 8 8 1 9 9 7 7 7 4 8 1 1 7 7 4 4 4 4
93a1 10 10 3 3 3 2 2 2 11 10 10 3 12 0 0 2 11 10 5 3 12 0 0 2 11 5 5 5 12 6 6 6 11 11 5 9 12 8 6 6 1 1 9 9 12 8 8 8 1 9 9 7 7 7 4 8 1 1 7 7 4 4 4 4
93c1 10 10 3 3 3 2 2 2 11 10 10 3 12 2 0 0 11 10 5 3 12 2 0 0 11 5 5 5 12 6 6 6 11 11 5 9 12 8 6 6 1 1 9 9 12 8 8 8 1 9 9 7 7 7 4 8 1 1 7 7 4 4 4 4
93c 10 10 3 3 3 2 2 2 11 10 10 3 12 2 0 0 11 10 5 3 12 2 0 0 11 5 5 5 12 6 6 6 11 11 5 9 12 8 6 6 1 1 9 9 12 8 8 8 1 9 9 4 7 7 7 8 1 1 4 4 4 4 7 7
93d 10 10 3 3 3 2 0 0 11 10 10 3 12 2 0 0 11 10 5 3 12 2 2 2 11 5 5 5 12 6 6 6 11 11 5 9 12 8 6 6 1 1 9 9 12 8 8 8 1 9 9 4 7 7 7 8 1 1 4 4 4 4 7 7
93d1 10 10 3 3 3 2 0 0 11 10 10 3 12 2 0 0 11 10 5 3 12 2 2 2 11 5 5 5 12 6 6 6 11 11 5 9 12 8 6 6 1 1 9 9 12 8 8 8 1 9 9 7 7 7 4 8 1 1 7 7 4 4 4 4
93e1 10 10 3 3 3 0 0 2 11 10 10 3 12 0 0 2 11 10 5 3 12 2 2 2 11 5 5 5 12 6 6 6 11 11 5 9 12 8 6 6 1 1 9 9 12 8 8 8 1 9 9 7 7 7 4 8 1 1 7 7 4 4 4 4
93e 10 10 3 3 3 0 0 2 11 10 10 3 12 0 0 2 11 10 5 3 12 2 2 2 11 5 5 5 12 6 6 6 11 11 5 9 12 8 6 6 1 1 9 9 12 8 8 8 1 9 9 4 7 7 7 8 1 1 4 4 4 4 7 7
96 0 0 6 6 6 7 8 8 0 0 6 6 7 7 8 4 11 11 11 11 7 8 8 4 3 3 3 11 7 10 4 4 2 3 9 10 10 10 5 4 2 3 9 9 10 5 5 5 2 2 2 9 9 1 5 1 12 12 12 12 12 1 1 1
96b 0 0 6 6 6 7 7 7 0 0 6 6 7 7 8 4 11 11 11 11 8 8 8 4 3 3 3 11 8 10 4 4 2 3 9 10 10 10 5 4 2 3 9 9 10 5 5 5 2 2 2 9 9 1 5 1 12 12 12 12 12 1 1 1
94 0 0 8 8 9 9 4 12 0 0 8 9 9 4 4 12 3 8 8 9 10 10 4 12 3 3 3 10 10 7 4 12 3 5 11 11 10 7 7 12 5 5 5 11 6 6 7 2 1 5 1 11 6 6 7 2 1 1 1 11 6 2 2 2
95 4 4 4 4 10 10 6 11 12 4 5 10 10 6 6 11 12 5 5 5 10 6 6 11 12 3 5 1 1 8 11 11 12 3 3 3 1 8 8 8 12 3 2 1 1 9 9 8 0 0 2 7 7 7 9 9 0 0 2 2 2 7 7 9
97 7 7 2 2 2 1 1 1 3 7 7 7 2 1 4 1 3 3 3 5 2 4 4 12 3 10 5 5 5 9 4 12 10 10 10 5 9 9 4 12 10 0 0 9 9 8 8 12 11 0 0 6 6 6 8 12 11 11 11 11 6 6 8 8
98 2 2 2 8 6 6 6 12 2 8 8 8 5 6 6 12 2 8 10 5 5 5 11 12 7 10 10 10 5 4 11 12 7 9 9 10 4 4 11 12 7 7 9 9 3 4 11 11 1 7 1 9 3 4 0 0 1 1 1 3 3 3 0 0
99 11 11 11 11 7 7 6 6 11 10 7 7 7 6 6 6 10 10 10 8 8 5 1 1 10 9 9 8 5 5 5 1 9 9 8 8 3 5 1 1 9 4 3 3 3 2 2 2 4 4 4 4 3 2 0 0 12 12 12 12 12 2 0 0
99b 11 11 11 11 7 7 6 6 11 10 7 7 7 6 6 6 10 10 10 8 8 5 1 1 10 9 9 8 5 5 5 1 9 9 8 8 3 5 1 1 9 4 3 3 3 2 0 0 4 4 4 4 3 2 0 0 12 12 12 12 12 2 2 2
99c 11 11 11 11 7 7 6 6 11 10 7 7 7 6 6 6 10 10 10 8 8 5 1 1 10 9 9 8 5 5 5 1 9 9 8 8 3 5 1 1 9 4 3 3 3 0 0 2 4 4 4 4 3 0 0 2 12 12 12 12 12 2 2 2
99d 11 11 11 11 7 7 6 6 11 10 7 7 7 6 6 6 10 10 10 8 8 5 1 1 10 9 9 8 5 5 5 1 9 9 8 8 3 5 1 1 9 4 3 3 3 2 2 2 4 4 4 4 3 0 0 2 12 12 12 12 12 0 0 2
100 3 3 3 7 7 7 0 0 11 3 7 7 10 10 0 0 11 3 5 10 10 8 8 6 11 5 5 5 10 8 6 6 11 11 5 9 8 8 6 6 1 1 9 9 4 2 2 2 1 9 9 4 4 4 4 2 1 1 12 12 12 12 12 2
101 11 11 6 12 12 12 12 12 11 6 6 8 8 3 3 3 11 6 6 8 0 0 3 4 11 5 8 8 0 0 3 4 5 5 5 10 9 9 4 4 2 5 10 10 10 9 9 4 2 7 7 7 10 1 9 1 2 2 2 7 7 1 1 1
101b 11 11 6 12 12 12 12 12 11 6 6 8 8 3 3 3 11 6 6 8 0 0 3 4 11 5 8 8 0 0 3 4 5 5 5 7 9 9 4 4 2 5 10 7 7 9 9 4 2 10 10 10 7 1 9 1 2 2 2 10 7 1 1 1
102 6 6 4 4 4 4 7 7 6 6 8 4 7 7 7 3 12 6 8 8 8 3 3 3 12 11 11 5 8 9 9 3 12 11 5 5 5 10 9 9 12 11 2 5 10 10 10 9 12 11 2 1 10 1 0 0 2 2 2 1 1 1 0 0
103 2 2 2 3 4 4 4 4 2 8 8 3 3 3 4 6 2 8 9 3 0 0 6 6 8 8 9 9 0 0 6 6 1 1 5 9 9 7 11 11 1 5 5 5 10 7 7 11 1 1 5 10 10 10 7 11 12 12 12 12 12 10 7 11
104 0 0 11 11 11 11 8 8 0 0 10 1 1 11 8 4 12 10 10 10 1 8 8 4 12 10 5 1 1 6 4 4 12 5 5 5 9 6 6 4 12 3 5 9 9 6 6 2 12 3 9 9 7 7 7 2 3 3 3 7 7 2 2 2
105 12 1 1 1 4 4 4 4 12 1 10 1 5 4 11 11 12 10 10 5 5 5 9 11 12 3 10 10 5 9 9 11 12 3 3 3 9 9 7 11 2 3 6 6 8 8 7 7 2 6 6 6 8 0 0 7 2 2 2 8 8 0 0 7
105b 12 1 1 1 4 4 4 4 12 1 5 1 10 4 11 11 12 5 5 5 10 10 9 11 12 3 5 10 10 9 9 11 12 3 3 3 9 9 7 11 2 3 6 6 8 8 7 7 2 6 6 6 8 0 0 7 2 2 2 8 8 0 0 7
106 12 6 6 1 1 3 3 3 12 6 6 6 1 4 3 7 12 0 0 1 1 4 3 7 12 0 0 8 4 4 7 7 12 8 8 8 5 4 7 11 2 8 10 5 5 5 9 11 2 10 10 10 5 9 9 11 2 2 2 10 9 9 11 11
106b 12 6 6 1 1 3 3 3 12 6 6 6 1 4 3 7 12 0 0 1 1 4 3 7 12 0 0 8 4 4 7 7 12 8 8 8 5 4 7 9 2 8 10 5 5 5 9 9 2 10 10 10 5 9 9 11 2 2 2 10 11 11 11 11
107 10 10 12 12 12 12 12 8 4 10 10 9 9 8 8 8 4 10 9 9 5 8 0 0 4 4 9 5 5 5 0 0 4 6 6 1 5 1 11 11 2 6 6 1 1 1 3 11 2 6 7 7 3 3 3 11 2 2 2 7 7 7 3 11
108 2 2 2 7 10 10 1 1 2 9 9 7 7 10 10 1 2 5 9 9 7 10 1 1 5 5 5 9 7 11 11 12 6 5 0 0 8 8 11 12 6 6 0 0 8 3 11 12 6 6 4 8 8 3 11 12 4 4 4 4 3 3 3 12
109 11 11 6 2 2 2 8 12 11 6 6 2 8 8 8 12 11 6 6 2 8 10 10 12 11 7 0 0 10 10 4 12 7 7 0 0 5 10 4 12 7 3 9 5 5 5 4 4 7 3 9 9 5 1 4 1 3 3 3 9 9 1 1 1
110 11 11 11 11 3 6 6 6 11 10 3 3 3 6 6 12 10 10 10 4 3 1 1 12 10 5 4 4 4 4 1 12 5 5 5 9 7 1 1 12 2 5 9 9 7 8 8 12 2 9 9 7 7 8 0 0 2 2 2 7 8 8 0 0
111 1 1 10 10 8 2 2 2 1 10 10 3 8 8 8 2 1 1 10 3 3 3 8 2 7 7 7 3 9 9 11 11 0 0 7 7 5 9 9 11 0 0 4 5 5 5 9 11 4 4 4 4 5 6 6 11 12 12 12 12 12 6 6 6
111b 1 1 10 10 8 2 2 2 1 10 10 3 8 8 8 2 1 1 10 3 3 3 8 2 7 7 7 3 11 11 11 11 0 0 7 7 5 9 9 11 0 0 4 5 5 5 9 9 4 4 4 4 5 6 6 9 12 12 12 12 12 6 6 6
112 6 6 4 4 4 4 8 7 6 6 9 4 8 8 8 7 6 5 9 9 8 3 7 7 5 5 5 9 9 3 7 12 10 5 11 11 3 3 3 12 10 10 10 11 2 2 2 12 1 10 1 11 0 0 2 12 1 1 1 11 0 0 2 12
112a1 6 6 4 4 4 4 8 7 6 6 9 4 8 8 8 7 6 10 9 9 8 3 7 7 10 10 10 9 9 3 7 12 10 5 11 11 3 3 3 12 5 5 5 11 2 2 2 12 1 5 1 11 0 0 2 12 1 1 1 11 0 0 2 12
112b1 6 6 4 4 4 4 8 7 6 6 9 4 8 8 8 7 6 10 9 9 8 3 7 7 10 10 10 9 9 3 7 12 10 5 11 11 3 3 3 12 5 5 5 11 2 2 2 12 1 5 1 11 2 0 0 12 1 1 1 11 2 0 0 12
112b 6 6 4 4 4 4 8 7 6 6 9 4 8 8 8 7 6 5 9 9 8 3 7 7 5 5 5 9 9 3 7 12 10 5 11 11 3 3 3 12 10 10 10 11 2 2 2 12 1 10 1 11 2 0 0 12 1 1 1 11 2 0 0 12
112c 6 6 4 4 4 4 8 7 6 6 9 4 8 8 8 7 6 5 9 9 8 3 7 7 5 5 5 9 9 3 7 12 10 5 11 11 3 3 3 12 10 10 10 11 2 0 0 12 1 10 1 11 2 0 0 12 1 1 1 11 2 2 2 12
112c1 6 6 4 4 4 4 8 7 6 6 9 4 8 8 8 7 6 10 9 9 8 3 7 7 10 10 10 9 9 3 7 12 10 5 11 11 3 3 3 12 5 5 5 11 2 0 0 12 1 5 1 11 2 0 0 12 1 1 1 11 2 2 2 12
112d1 6 6 4 4 4 4 8 7 6 6 9 4 8 8 8 7 6 10 9 9 8 3 7 7 10 10 10 9 9 3 7 12 10 5 11 11 3 3 3 12 5 5 5 11 0 0 2 12 1 5 1 11 0 0 2 12 1 1 1 11 2 2 2 12
112d 6 6 4 4 4 4 8 7 6 6 9 4 8 8 8 7 6 5 9 9 8 3 7 7 5 5 5 9 9 3 7 12 10 5 11 11 3 3 3 12 10 10 10 11 0 0 2 12 1 10 1 11 0 0 2 12 1 1 1 11 2 2 2 12
113 3 3 3 4 11 11 11 11 12 3 4 4 4 4 5 11 12 3 7 7 7 5 5 5 12 6 6 6 7 7 5 10 12 6 6 8 9 10 10 10 12 8 8 8 9 9 10 2 1 8 1 0 0 9 9 2 1 1 1 0 0 2 2 2
113b 3 3 3 4 11 11 11 11 12 3 4 4 4 4 10 11 12 3 7 7 7 10 10 10 12 6 6 6 7 7 5 10 12 6 6 8 9 5 5 5 12 8 8 8 9 9 5 2 1 8 1 0 0 9 9 2 1 1 1 0 0 2 2 2
114 0 0 12 12 12 12 12 6 0 0 1 1 8 8 6 6 2 2 2 1 7 8 6 6 2 10 1 1 7 8 8 4 2 10 10 9 7 7 4 4 10 10 9 9 5 7 3 4 11 9 9 5 5 5 3 4 11 11 11 11 5 3 3 3
114B 6 12 12 12 12 12 1 1 6 6 8 8 2 2 2 1 6 6 8 7 2 10 1 1 4 8 8 7 2 10 10 10 4 4 7 7 0 0 10 11 4 3 7 5 0 0 9 11 4 3 5 5 5 9 9 11 3 3 3 5 9 9 11 11
114B1 6 12 12 12 12 12 1 1 6 6 8 8 2 2 2 1 6 6 8 7 2 10 1 1 4 8 8 7 2 10 10 10 4 4 7 7 0 0 10 9 4 3 7 5 0 0 9 9 4 3 5 5 5 9 9 11 3 3 3 5 11 11 11 11
115 9 9 3 3 3 2 2 2 4 9 9 3 6 6 6 2 4 4 9 3 8 6 6 2 4 7 10 10 8 8 8 12 4 7 7 10 10 5 8 12 0 0 7 10 5 5 5 12 0 0 7 11 1 5 1 12 11 11 11 11 1 1 1 12
115b 9 9 3 3 3 2 2 2 4 9 9 3 1 1 1 2 4 4 9 3 1 5 1 2 4 7 10 10 5 5 5 12 4 7 7 10 10 5 8 12 0 0 7 10 8 8 8 12 0 0 7 11 8 6 6 12 11 11 11 11 6 6 6 12
116 8 4 4 4 4 9 7 11 8 8 8 4 9 9 7 11 10 10 8 9 9 7 7 11 12 10 10 0 0 7 11 11 12 10 5 0 0 6 6 6 12 5 5 5 3 6 6 2 12 1 5 1 3 3 3 2 12 1 1 1 3 2 2 2
117 12 6 3 3 3 7 8 8 12 6 6 3 7 7 8 11 12 6 6 3 7 8 8 11 12 4 0 0 7 9 9 11 12 4 0 0 9 9 11 11 2 4 4 5 9 10 1 1 2 4 5 5 5 10 10 1 2 2 2 5 10 10 1 1
117b 12 6 3 3 3 7 8 8 12 6 6 3 7 7 8 11 12 6 6 3 7 8 8 11 12 4 0 0 7 9 9 11 12 4 0 0 9 9 11 11 2 4 4 10 9 5 1 1 2 4 10 10 5 5 5 1 2 2 2 10 10 5 1 1
117B 3 3 3 12 12 12 12 12 11 3 0 0 8 8 6 6 11 3 0 0 8 4 6 6 11 9 9 8 8 4 6 7 11 11 9 9 4 4 7 7 1 1 10 9 5 4 7 2 1 10 10 5 5 5 7 2 1 1 10 10 5 2 2 2
117Bb 3 3 3 12 12 12 12 12 11 3 0 0 8 8 6 6 11 3 0 0 8 4 6 6 11 9 9 8 8 4 6 7 11 11 9 9 4 4 7 7 1 1 5 9 10 4 7 2 1 5 5 5 10 10 7 2 1 1 5 10 10 2 2 2
118 2 2 2 8 8 1 1 1 2 6 6 6 8 1 7 1 2 6 6 5 8 8 7 7 10 10 5 5 5 9 3 7 4 10 10 5 9 9 3 7 4 10 11 9 9 3 3 3 4 4 11 11 11 11 0 0 4 12 12 12 12 12 0 0
119 12 11 7 7 4 4 4 4 12 11 8 7 7 7 4 3 12 11 8 8 8 3 3 3 12 11 11 10 8 9 9 3 12 1 1 10 10 5 9 9 2 1 10 10 5 5 5 9 2 1 1 0 0 5 6 6 2 2 2 0 0 6 6 6
119b 12 11 4 4 4 4 7 7 12 11 8 4 7 7 7 3 12 11 8 8 8 3 3 3 12 11 11 10 8 9 9 3 12 1 1 10 10 5 9 9 2 1 10 10 5 5 5 9 2 1 1 0 0 5 6 6 2 2 2 0 0 6 6 6
120 3 3 3 5 9 9 11 11 12 3 5 5 5 9 9 11 12 3 10 5 6 6 9 11 12 10 10 10 6 6 6 11 12 8 8 10 4 4 4 4 12 8 2 1 1 4 0 0 8 8 2 1 7 7 0 0 2 2 2 1 1 7 7 7
120b 3 3 3 5 11 11 11 11 12 3 5 5 5 9 9 11 12 3 10 5 6 6 9 9 12 10 10 10 6 6 6 9 12 8 8 10 4 4 4 4 12 8 2 1 1 4 0 0 8 8 2 1 7 7 0 0 2 2 2 1 1 7 7 7
121 3 3 3 10 9 9 11 11 4 3 10 10 10 9 9 11 4 3 8 8 10 5 9 11 4 4 8 6 5 5 5 11 4 8 8 6 6 5 1 1 2 0 0 6 6 7 7 1 2 0 0 7 7 7 1 1 2 2 2 12 12 12 12 12
121b 3 3 3 10 9 9 11 11 4 3 10 10 10 9 9 11 4 3 8 8 10 5 9 11 4 4 8 6 5 5 5 11 4 8 8 6 6 5 1 1 0 0 2 6 6 7 7 1 0 0 2 7 7 7 1 1 2 2 2 12 12 12 12 12
121c 3 3 3 10 9 9 11 11 4 3 10 10 10 9 9 11 4 3 8 8 10 5 9 11 4 4 8 6 5 5 5 11 4 8 8 6 6 5 1 1 2 2 2 6 6 7 7 1 0 0 2 7 7 7 1 1 0 0 2 12 12 12 12 12
121d 3 3 3 10 9 9 11 11 4 3 10 10 10 9 9 11 4 3 8 8 10 5 9 11 4 4 8 6 5 5 5 11 4 8 8 6 6 5 1 1 2 2 2 6 6 7 7 1 2 0 0 7 7 7 1 1 2 0 0 12 12 12 12 12
122 3 3 3 5 11 11 11 11 12 3 5 5 5 6 6 11 12 3 1 5 1 6 6 6 12 9 1 1 1 7 0 0 12 9 9 8 8 7 0 0 12 10 9 9 8 7 7 2 10 10 10 4 8 8 7 2 10 4 4 4 4 2 2 2
122b 3 3 3 5 11 11 11 11 12 3 5 5 5 0 0 11 12 3 1 5 1 0 0 6 12 9 1 1 1 7 6 6 12 9 9 8 8 7 6 6 12 10 9 9 8 7 7 2 10 10 10 4 8 8 7 2 10 4 4 4 4 2 2 2
123 6 6 6 11 11 11 11 12 3 6 6 0 0 10 11 12 3 3 3 0 0 10 10 12 3 7 7 7 10 10 8 12 7 7 9 9 8 8 8 12 2 9 9 5 8 1 1 1 2 9 5 5 5 1 4 1 2 2 2 5 4 4 4 4
124 1 1 1 7 4 4 4 4 1 5 1 7 7 4 11 11 5 5 5 10 7 0 0 11 12 5 10 10 7 0 0 11 12 8 8 10 10 9 9 11 12 2 8 3 3 3 9 9 12 2 8 8 3 6 6 9 12 2 2 2 3 6 6 6
125 2 2 2 7 4 4 4 4 2 9 9 7 7 4 0 0 2 5 9 9 7 10 0 0 5 5 5 9 7 10 10 10 8 5 3 3 3 1 10 1 8 8 8 3 11 1 1 1 6 6 8 3 11 11 11 11 6 6 6 12 12 12 12 12
126 7 7 7 11 11 6 6 6 1 1 7 7 11 6 6 12 1 3 3 3 11 0 0 12 1 1 3 9 11 0 0 12 10 10 3 9 9 8 8 12 2 10 10 5 9 9 8 12 2 10 5 5 5 4 8 8 2 2 2 5 4 4 4 4
126B 12 12 12 12 12 11 6 6 1 1 11 11 11 11 6 6 1 3 3 3 0 0 7 6 1 1 3 9 0 0 7 7 10 10 3 9 9 8 8 7 2 10 10 5 9 9 8 7 2 10 5 5 5 4 8 8 2 2 2 5 4 4 4 4
127 4 9 9 10 10 6 6 6 4 4 9 9 10 10 6 6 4 12 3 9 10 0 0 7 4 12 3 3 3 0 0 7 11 12 3 5 8 8 7 7 11 12 5 5 5 8 7 2 11 12 1 5 1 8 8 2 11 11 1 1 1 2 2 2
127b 4 3 3 3 9 9 6 6 4 4 3 9 9 7 6 6 4 12 3 9 7 7 6 8 4 12 0 0 7 8 8 8 11 12 0 0 7 8 10 10 11 12 1 1 5 10 10 2 11 12 1 5 5 5 10 2 11 11 1 1 5 2 2 2
127c 4 3 3 3 7 7 7 8 4 4 3 7 7 8 8 8 4 12 3 9 9 8 0 0 4 12 9 9 6 6 0 0 11 12 9 6 6 6 10 10 11 12 1 1 5 10 10 2 11 12 1 5 5 5 10 2 11 11 1 1 5 2 2 2
128 0 0 7 3 3 3 4 12 0 0 7 7 3 4 4 12 1 1 1 7 3 6 4 12 1 10 1 7 6 6 4 12 10 10 10 9 6 6 5 12 2 8 10 9 9 5 5 5 2 8 8 8 9 9 5 11 2 2 2 8 11 11 11 11
129 2 2 2 1 1 1 6 6 2 8 8 1 4 1 6 6 2 8 4 4 4 4 7 6 8 8 9 9 0 0 7 7 11 9 9 10 0 0 3 7 11 9 5 10 10 10 3 7 11 5 5 5 10 3 3 3 11 11 5 12 12 12 12 12
130 11 11 11 11 4 4 4 4 11 12 12 12 12 12 4 3 6 8 8 0 0 3 3 3 6 6 8 0 0 9 10 3 6 6 8 8 9 9 10 10 1 1 5 9 9 10 10 2 1 5 5 5 7 7 7 2 1 1 5 7 7 2 2 2
131 3 3 3 10 8 8 0 0 4 3 10 10 10 8 0 0 4 3 9 9 10 8 8 6 4 4 5 9 9 2 6 6 4 5 5 5 9 2 6 6 1 1 5 7 7 2 2 2 1 7 7 7 11 11 11 11 1 1 12 12 12 12 12 11
131b 8 8 0 0 3 2 2 2 4 8 0 0 3 3 3 2 4 8 8 10 3 9 9 2 4 4 5 10 10 10 9 9 4 5 5 5 10 6 6 9 1 1 5 7 7 6 6 6 1 7 7 7 11 11 11 11 1 1 12 12 12 12 12 11
132 6 6 6 1 1 7 7 7 6 6 12 1 7 7 9 4 0 0 12 1 1 9 9 4 0 0 12 10 9 9 4 4 8 8 12 10 10 10 5 4 2 8 12 3 10 5 5 5 2 8 8 3 3 3 5 11 2 2 2 3 11 11 11 11
132b 2 2 2 1 1 7 7 7 2 8 8 1 7 7 9 4 2 8 12 1 1 9 9 4 8 8 12 10 9 9 4 4 0 0 12 10 10 10 5 4 0 0 12 3 10 5 5 5 6 6 12 3 3 3 5 11 6 6 6 3 11 11 11 11
132c 2 2 2 1 1 7 7 7 8 8 2 1 7 7 9 4 12 8 2 1 1 9 9 4 12 8 8 10 9 9 4 4 12 0 0 10 10 10 5 4 12 0 0 3 10 5 5 5 12 6 6 3 3 3 5 11 6 6 6 3 11 11 11 11
132d 6 6 6 1 1 7 7 7 12 6 6 1 7 7 9 4 12 0 0 1 1 9 9 4 12 0 0 10 9 9 4 4 12 8 8 10 10 10 5 4 12 8 2 3 10 5 5 5 8 8 2 3 3 3 5 11 2 2 2 3 11 11 11 11
132e 6 6 6 7 7 7 1 1 12 6 6 4 9 7 7 1 12 0 0 4 9 9 1 1 12 0 0 4 4 9 9 10 12 8 8 4 5 10 10 10 12 8 2 5 5 5 10 3 8 8 2 11 5 3 3 3 2 2 2 11 11 11 11 3
132f 6 6 6 7 7 7 1 1 6 6 12 4 9 7 7 1 0 0 12 4 9 9 1 1 0 0 12 4 4 9 9 10 8 8 12 4 5 10 10 10 2 8 12 5 5 5 10 3 2 8 8 11 5 3 3 3 2 2 2 11 11 11 11 3
132g 2 2 2 7 7 7 1 1 2 8 8 4 9 7 7 1 2 8 12 4 9 9 1 1 8 8 12 4 4 9 9 10 0 0 12 4 5 10 10 10 0 0 12 5 5 5 10 3 6 6 12 11 5 3 3 3 6 6 6 11 11 11 11 3
132h 2 2 2 7 7 7 1 1 8 8 2 4 9 7 7 1 12 8 2 4 9 9 1 1 12 8 8 4 4 9 9 10 12 0 0 4 5 10 10 10 12 0 0 5 5 5 10 3 12 6 6 11 5 3 3 3 6 6 6 11 11 11 11 3
133 2 2 2 12 12 12 12 12 2 8 8 7 7 7 6 6 2 8 7 7 0 0 6 6 8 8 9 9 0 0 6 4 11 9 9 1 1 1 4 4 11 9 5 1 3 1 10 4 11 5 5 5 3 10 10 4 11 11 5 3 3 3 10 10
133b 2 2 2 12 12 12 12 12 2 8 8 7 7 7 0 0 2 8 7 7 6 6 0 0 8 8 9 9 6 6 6 4 11 9 9 1 1 1 4 4 11 9 5 1 3 1 10 4 11 5 5 5 3 10 10 4 11 11 5 3 3 3 10 10
134 11 11 11 11 5 6 6 6 11 9 9 5 5 5 6 6 9 9 1 1 5 2 2 2 9 7 1 10 10 8 8 2 7 7 1 1 10 10 8 2 7 3 0 0 10 4 8 8 7 3 0 0 4 4 4 4 3 3 3 12 12 12 12 12
134b 11 11 9 9 5 6 6 6 11 9 9 5 5 5 6 6 11 9 1 1 5 2 2 2 11 7 1 10 10 8 8 2 7 7 1 1 10 10 8 2 7 3 0 0 10 4 8 8 7 3 0 0 4 4 4 4 3 3 3 12 12 12 12 12
135 12 6 8 8 10 2 2 2 12 6 6 8 10 10 10 2 12 6 6 8 8 10 5 2 12 0 0 3 9 5 5 5 12 0 0 3 9 9 5 11 1 1 3 3 3 9 9 11 1 4 4 4 4 7 7 11 1 1 4 7 7 7 11 11
135b 12 6 8 8 10 2 2 2 12 6 6 8 10 10 10 2 12 6 6 8 8 10 5 2 12 0 0 3 9 5 5 5 12 0 0 3 9 9 5 11 1 1 3 3 3 9 9 11 1 7 7 4 4 4 4 11 1 1 7 7 7 4 11 11
136b 3 12 12 12 12 12 11 4 3 3 3 11 11 11 11 4 3 0 0 6 6 6 4 4 8 0 0 9 6 6 5 4 8 8 8 9 9 5 5 5 1 1 8 10 9 9 5 2 1 10 10 10 7 7 7 2 1 1 10 7 7 2 2 2
136c 3 12 12 12 12 12 11 4 3 3 3 11 11 11 11 4 3 6 6 6 0 0 4 4 8 6 6 9 0 0 5 4 8 8 8 9 9 5 5 5 1 1 8 10 9 9 5 2 1 10 10 10 7 7 7 2 1 1 10 7 7 2 2 2
137 11 11 11 11 4 4 4 4 6 6 6 11 8 8 4 10 6 6 9 9 8 10 10 10 12 9 9 8 8 5 10 7 12 9 0 0 5 5 5 7 12 2 0 0 3 5 7 7 12 2 3 3 3 1 7 1 12 2 2 2 3 1 1 1
138 12 0 0 2 2 2 7 7 12 0 0 2 7 7 7 3 12 10 10 2 8 3 3 3 12 4 10 10 8 8 8 3 12 4 10 5 9 9 8 11 4 4 5 5 5 9 9 11 1 4 1 5 6 6 9 11 1 1 1 6 6 6 11 11
139 12 12 12 12 12 6 6 4 3 3 3 9 9 6 6 4 7 3 9 9 10 6 4 4 7 3 9 5 10 10 10 4 7 7 5 5 5 10 0 0 1 7 1 5 2 8 0 0 1 1 1 11 2 8 8 8 11 11 11 11 2 2 2 8
140 1 1 1 10 3 3 3 7 1 4 1 10 10 3 7 7 12 4 10 10 5 3 7 2 12 4 4 5 5 5 7 2 12 4 9 9 5 2 2 2 12 8 8 9 9 6 6 6 12 8 0 0 9 6 6 11 8 8 0 0 11 11 11 11
141 12 12 12 12 12 7 7 9 1 1 1 7 7 7 9 9 1 5 1 6 6 9 9 8 5 5 5 6 6 8 8 8 4 5 10 10 6 8 3 11 4 10 10 2 3 3 3 11 4 4 10 2 0 0 3 11 4 2 2 2 0 0 11 11
142 1 1 1 11 11 11 11 7 1 4 1 11 3 3 3 7 12 4 4 9 9 3 7 7 12 4 9 9 5 3 7 6 12 4 9 5 5 5 6 6 12 8 8 10 5 2 6 6 12 8 10 10 10 2 0 0 8 8 10 2 2 2 0 0
143 4 6 6 12 12 12 12 12 4 6 6 1 1 1 0 0 4 4 6 1 5 1 0 0 4 10 9 5 5 5 11 11 10 10 9 9 5 8 8 11 2 10 10 9 9 8 3 11 2 7 7 7 8 8 3 11 2 2 2 7 7 3 3 3
144 4 4 4 4 11 11 11 11 10 4 3 3 3 0 0 11 10 10 10 3 12 0 0 8 7 10 5 3 12 8 8 8 7 5 5 5 12 8 6 6 7 7 5 2 12 9 6 6 1 7 1 2 12 9 9 6 1 1 1 2 2 2 9 9
145 7 7 12 12 12 12 12 3 11 7 7 7 5 3 3 3 11 0 0 5 5 5 9 3 11 0 0 6 5 9 9 4 11 11 6 6 9 9 4 4 2 8 6 6 1 1 10 4 2 8 8 8 1 10 10 4 2 2 2 8 1 1 10 10
145b 7 7 12 12 12 12 12 3 11 7 7 7 5 3 3 3 11 6 6 5 5 5 9 3 11 6 6 6 5 9 9 4 11 11 0 0 9 9 4 4 2 8 0 0 1 1 10 4 2 8 8 8 1 10 10 4 2 2 2 8 1 1 10 10
146 2 2 2 8 7 3 3 3 2 8 8 8 7 7 3 4 2 8 10 0 0 7 3 4 12 10 10 0 0 7 4 4 12 6 10 10 9 9 5 4 12 6 6 9 9 5 5 5 12 6 6 9 11 1 5 1 12 11 11 11 11 1 1 1
147 8 8 11 11 11 11 6 6 4 8 11 1 1 10 6 6 4 8 8 1 10 10 6 7 4 4 5 1 1 10 10 7 4 5 5 5 9 3 7 7 0 0 5 9 9 3 7 2 0 0 9 9 3 3 3 2 12 12 12 12 12 2 2 2
148 8 8 0 0 11 11 11 11 4 8 0 0 11 7 7 7 4 8 8 9 7 7 10 10 4 4 9 9 5 10 10 12 4 9 9 5 5 5 10 12 6 6 3 1 5 1 2 12 6 6 3 1 1 1 2 12 6 3 3 3 2 2 2 12
149 3 7 7 7 1 1 0 0 3 3 3 7 7 1 0 0 3 5 9 9 1 1 6 6 5 5 5 9 9 6 6 6 4 5 10 10 9 8 2 11 4 10 10 8 8 8 2 11 4 4 10 8 2 2 2 11 4 12 12 12 12 12 11 11
146B 12 12 12 12 12 3 3 3 7 7 7 2 2 2 3 4 0 0 7 7 10 2 3 4 0 0 10 10 10 2 4 4 6 6 6 10 9 9 5 4 6 6 8 9 9 5 5 5 8 8 8 9 11 1 5 1 8 11 11 11 11 1 1 1
145B 12 9 7 7 11 11 11 11 12 9 9 7 7 7 5 11 12 3 9 9 6 5 5 5 12 3 3 3 6 6 5 4 12 3 0 0 6 6 4 4 2 8 0 0 1 1 10 4 2 8 8 8 1 10 10 4 2 2 2 8 1 1 10 10
150 9 12 12 12 12 12 7 7 9 9 11 11 7 7 7 6 8 9 9 11 0 0 6 6 8 8 8 11 0 0 6 6 10 10 8 11 1 1 1 4 2 10 10 5 1 3 1 4 2 10 5 5 5 3 4 4 2 2 2 5 3 3 3 4
151 3 3 3 12 12 12 12 12 11 3 4 4 4 4 0 0 11 3 10 10 4 8 0 0 11 1 1 10 10 8 8 8 11 11 1 10 5 9 9 8 2 1 1 5 5 5 9 9 2 7 7 7 5 6 6 9 2 2 2 7 7 6 6 6
152 2 2 2 3 3 3 9 9 2 6 6 6 3 9 9 4 2 7 6 6 3 9 4 4 7 7 5 8 8 0 0 4 7 5 5 5 8 0 0 4 7 10 5 11 8 8 1 1 10 10 10 11 11 11 11 1 10 12 12 12 12 12 1 1
153 7 9 4 4 4 4 1 1 7 9 9 4 2 2 2 1 7 7 9 9 2 8 1 1 6 7 12 3 2 8 8 8 6 6 12 3 3 3 5 8 6 6 12 3 10 5 5 5 0 0 12 10 10 10 5 11 0 0 12 10 11 11 11 11
154 1 1 10 7 7 2 2 2 1 10 10 10 7 7 7 2 1 1 3 10 5 9 9 2 11 11 3 5 5 5 9 9 11 3 3 3 5 8 8 9 11 4 4 4 4 8 0 0 11 6 6 4 8 8 0 0 6 6 6 12 12 12 12 12
155 3 2 2 2 11 11 11 11 3 3 3 2 11 7 7 7 3 9 9 2 7 7 6 6 9 9 5 10 10 6 6 6 9 5 5 5 10 10 0 0 1 1 5 4 10 8 0 0 1 4 4 4 4 8 8 8 1 1 12 12 12 12 12 8
155b 2 2 2 3 11 11 11 11 2 3 3 3 11 7 7 7 2 9 9 3 7 7 6 6 9 9 5 10 10 6 6 6 9 5 5 5 10 10 0 0 1 1 5 4 10 8 0 0 1 4 4 4 4 8 8 8 1 1 12 12 12 12 12 8
155d 2 2 2 3 11 11 11 11 2 3 3 3 11 7 7 7 2 9 9 3 7 7 6 6 9 9 10 10 5 6 6 6 9 10 10 5 5 5 0 0 1 1 10 4 5 8 0 0 1 4 4 4 4 8 8 8 1 1 12 12 12 12 12 8
155c 3 2 2 2 11 11 11 11 3 3 3 2 11 7 7 7 3 9 9 2 7 7 6 6 9 9 10 10 5 6 6 6 9 10 10 5 5 5 0 0 1 1 10 4 5 8 0 0 1 4 4 4 4 8 8 8 1 1 12 12 12 12 12 8
155c1 3 2 2 2 6 6 0 0 3 3 3 2 6 6 0 0 3 9 9 2 6 7 11 11 9 9 10 10 5 7 7 11 9 10 10 5 5 5 7 11 1 1 10 4 5 8 7 11 1 4 4 4 4 8 8 8 1 1 12 12 12 12 12 8
155d1 2 2 2 3 6 6 0 0 2 3 3 3 6 6 0 0 2 9 9 3 6 7 11 11 9 9 10 10 5 7 7 11 9 10 10 5 5 5 7 11 1 1 10 4 5 8 7 11 1 4 4 4 4 8 8 8 1 1 12 12 12 12 12 8
155b1 2 2 2 3 6 6 0 0 2 3 3 3 6 6 0 0 2 9 9 3 6 7 11 11 9 9 5 10 10 7 7 11 9 5 5 5 10 10 7 11 1 1 5 4 10 8 7 11 1 4 4 4 4 8 8 8 1 1 12 12 12 12 12 8
155a1 3 2 2 2 6 6 0 0 3 3 3 2 6 6 0 0 3 9 9 2 6 7 11 11 9 9 5 10 10 7 7 11 9 5 5 5 10 10 7 11 1 1 5 4 10 8 7 11 1 4 4 4 4 8 8 8 1 1 12 12 12 12 12 8
150b 12 12 12 12 12 11 0 0 7 7 11 11 11 11 0 0 8 7 7 7 9 9 6 6 8 8 8 9 9 6 6 6 10 10 8 9 1 1 1 4 2 10 10 5 1 3 1 4 2 10 5 5 5 3 4 4 2 2 2 5 3 3 3 4
156 0 0 3 11 11 11 11 12 0 0 3 3 3 5 11 12 1 1 3 9 5 5 5 12 1 10 10 9 9 5 7 12 1 1 10 10 9 9 7 12 2 8 10 6 6 6 7 7 2 8 8 8 6 6 4 7 2 2 2 8 4 4 4 4
157 2 2 2 8 3 6 6 6 2 8 8 8 3 6 6 9 2 8 10 3 3 3 9 9 1 1 10 10 5 9 9 12 1 10 10 5 5 5 4 12 1 1 7 7 5 4 4 12 7 7 7 11 0 0 4 12 11 11 11 11 0 0 4 12
158 2 2 2 10 3 1 1 1 2 10 10 10 3 1 4 1 2 5 10 3 3 3 4 4 5 5 5 9 8 8 4 12 11 5 9 9 6 8 4 12 11 9 9 6 6 8 8 12 11 7 7 6 6 0 0 12 11 11 7 7 7 0 0 12
159 10 10 4 4 4 4 9 9 2 10 10 5 4 9 9 12 2 10 5 5 5 9 8 12 2 2 2 5 8 8 8 12 0 0 3 7 8 6 6 12 0 0 3 7 7 6 6 12 11 3 3 3 7 1 6 1 11 11 11 11 7 1 1 1
160 4 12 12 12 12 12 11 2 4 4 5 11 11 11 11 2 4 5 5 5 9 2 2 2 4 7 5 9 9 1 1 1 7 7 9 9 8 1 10 1 7 3 8 8 8 10 10 10 7 3 8 0 0 6 6 10 3 3 3 0 0 6 6 6
161 12 12 12 12 12 10 11 11 3 3 3 5 10 10 10 11 4 3 5 5 5 9 10 11 4 3 1 5 1 9 9 11 4 4 1 1 1 8 9 9 4 6 2 8 8 8 0 0 6 6 2 8 7 7 0 0 6 6 2 2 2 7 7 7
162 3 12 12 12 12 12 0 0 3 3 3 6 6 6 0 0 3 10 8 6 6 1 1 1 10 10 8 8 8 1 4 1 9 10 10 5 8 7 4 4 9 9 5 5 5 7 4 2 11 9 9 5 7 7 4 2 11 11 11 11 7 2 2 2
162b 3 12 12 12 12 12 0 0 3 3 3 6 6 6 0 0 3 10 8 6 6 1 1 1 10 10 8 8 8 1 4 1 11 10 10 5 8 7 4 4 11 9 5 5 5 7 4 2 11 9 9 5 7 7 4 2 11 11 9 9 7 2 2 2
163 2 2 2 6 6 6 0 0 2 7 7 6 6 8 0 0 2 10 7 7 7 8 8 8 10 10 12 12 12 12 12 8 9 10 10 5 3 3 3 4 9 9 5 5 5 3 4 4 11 9 9 5 1 3 1 4 11 11 11 11 1 1 1 4
163b 2 2 2 0 0 6 6 6 2 7 7 0 0 8 6 6 2 10 7 7 7 8 8 8 10 10 12 12 12 12 12 8 9 10 10 5 3 3 3 4 9 9 5 5 5 3 4 4 11 9 9 5 1 3 1 4 11 11 11 11 1 1 1 4
163d 2 2 2 0 0 6 6 6 2 7 7 0 0 8 6 6 2 10 7 7 7 8 8 8 10 10 12 12 12 12 12 8 11 10 10 5 3 3 3 4 11 9 5 5 5 3 4 4 11 9 9 5 1 3 1 4 11 11 9 9 1 1 1 4
163c 2 2 2 6 6 6 0 0 2 7 7 6 6 8 0 0 2 10 7 7 7 8 8 8 10 10 12 12 12 12 12 8 11 10 10 5 3 3 3 4 11 9 5 5 5 3 4 4 11 9 9 5 1 3 1 4 11 11 9 9 1 1 1 4
164 10 10 1 1 11 11 11 11 2 10 10 1 11 6 6 12 2 10 1 1 6 6 6 12 2 2 2 5 3 3 3 12 0 0 5 5 5 3 7 12 0 0 8 5 9 3 7 12 8 8 8 4 9 9 7 7 8 4 4 4 4 9 9 7
165 12 12 12 12 12 2 2 2 4 3 3 3 5 1 1 2 4 4 3 5 5 5 1 2 4 10 3 7 5 1 1 11 4 10 10 7 11 11 11 11 10 10 7 7 9 8 8 6 0 0 7 9 9 8 6 6 0 0 9 9 8 8 6 6
166 12 9 9 3 3 3 1 1 12 4 9 9 3 8 8 1 12 4 4 9 3 8 1 1 12 4 7 10 8 8 6 6 12 4 7 10 10 10 6 6 2 7 7 5 10 0 0 6 2 7 5 5 5 0 0 11 2 2 2 5 11 11 11 11
167 8 4 4 4 4 5 1 1 8 8 8 4 5 5 5 1 0 0 8 7 7 5 1 1 0 0 10 10 7 7 7 12 3 3 3 10 10 11 11 12 2 3 9 10 6 6 11 12 2 3 9 9 6 6 11 12 2 2 2 9 9 6 11 12
167b 8 4 4 4 4 5 1 1 8 8 8 4 5 5 5 1 0 0 8 7 7 5 1 1 0 0 10 10 7 7 7 12 2 2 2 10 10 11 11 12 2 3 9 10 6 6 11 12 2 3 9 9 6 6 11 12 3 3 3 9 9 6 11 12
168 1 1 6 6 3 0 0 7 1 6 6 6 3 0 0 7 1 1 10 3 3 3 7 7 12 10 10 10 9 9 7 11 12 8 8 10 5 9 9 11 12 2 8 5 5 5 9 11 12 2 8 8 5 4 11 11 12 2 2 2 4 4 4 4
169 2 2 2 3 11 11 11 11 2 3 3 3 8 8 10 11 2 9 9 3 8 10 10 10 9 9 7 8 8 10 6 6 9 5 7 7 0 0 6 6 5 5 5 7 0 0 4 6 1 5 1 7 4 4 4 4 1 1 1 12 12 12 12 12
169b 3 2 2 2 11 11 11 11 3 3 3 2 8 8 10 11 3 9 9 2 8 10 10 10 9 9 7 8 8 10 6 6 9 5 7 7 0 0 6 6 5 5 5 7 0 0 4 6 1 5 1 7 4 4 4 4 1 1 1 12 12 12 12 12
170 3 3 3 5 11 11 0 0 7 3 5 5 5 11 0 0 7 3 6 5 12 11 8 8 7 7 6 6 12 11 8 4 10 7 6 6 12 8 8 4 10 10 10 2 12 9 4 4 1 10 1 2 12 9 9 4 1 1 1 2 2 2 9 9
171 7 7 7 8 8 1 1 1 11 11 7 7 8 1 10 1 11 12 6 6 8 8 10 10 11 12 6 6 5 10 10 4 11 12 6 5 5 5 4 4 2 12 0 0 5 9 3 4 2 12 0 0 9 9 3 4 2 2 2 9 9 3 3 3
171b 7 7 7 8 8 1 1 1 11 11 7 7 8 1 10 1 11 12 0 0 8 8 10 10 11 12 0 0 5 10 10 4 11 12 6 5 5 5 4 4 2 12 6 6 5 9 3 4 2 12 6 6 9 9 3 4 2 2 2 9 9 3 3 3
171c 7 7 7 8 8 1 1 1 11 11 7 7 8 1 10 1 11 12 0 0 8 8 10 10 11 12 0 0 5 10 10 9 11 12 6 5 5 5 9 9 2 12 6 6 5 9 9 3 2 12 6 6 4 3 3 3 2 2 2 4 4 4 4 3
171d 7 7 7 8 8 1 1 1 11 11 7 7 8 1 10 1 11 12 6 6 8 8 10 10 11 12 6 6 5 10 10 9 11 12 6 5 5 5 9 9 2 12 0 0 5 9 9 3 2 12 0 0 4 3 3 3 2 2 2 4 4 4 4 3
172 11 11 11 11 4 4 4 4 11 9 9 7 7 7 4 12 10 10 9 9 8 7 7 12 2 10 10 9 8 8 8 12 2 10 3 3 3 5 8 12 2 2 2 3 5 5 5 12 0 0 1 3 1 5 6 6 0 0 1 1 1 6 6 6
173 12 3 4 4 4 4 0 0 12 3 3 3 4 10 0 0 12 3 5 10 10 10 11 11 12 5 5 5 10 6 6 11 12 7 5 9 9 6 6 11 7 7 9 9 2 8 6 11 7 1 9 1 2 8 8 8 7 1 1 1 2 2 2 8
174 6 6 4 4 4 4 8 2 6 6 9 4 8 8 8 2 6 9 9 5 8 2 2 2 9 9 5 5 5 10 0 0 7 7 7 5 10 10 0 0 1 1 7 7 11 10 10 3 1 11 11 11 11 3 3 3 1 1 12 12 12 12 12 3
175 6 6 6 2 2 2 7 7 4 6 6 2 7 7 7 9 4 8 8 2 10 10 9 9 4 4 8 10 10 9 9 12 4 5 8 8 10 3 11 12 5 5 5 3 3 3 11 12 1 5 1 0 0 3 11 12 1 1 1 0 0 11 11 12
176 12 12 12 12 12 7 7 7 0 0 9 9 7 7 6 6 0 0 5 9 9 6 6 6 4 5 5 5 9 3 3 3 4 4 5 2 2 2 3 11 4 8 8 2 10 10 3 11 4 8 1 2 1 10 10 11 8 8 1 1 1 10 11 11
177 4 3 3 3 8 8 0 0 4 4 3 6 6 8 0 0 4 10 3 6 6 8 8 12 4 10 10 6 5 11 11 12 10 10 9 5 5 5 11 12 1 1 9 9 5 2 11 12 1 7 7 9 9 2 11 12 1 1 7 7 7 2 2 2
178b 7 9 9 8 8 2 2 2 7 7 9 9 8 1 1 2 4 7 3 9 8 8 1 2 4 7 3 3 3 1 1 12 4 4 3 5 6 6 6 12 4 10 5 5 5 6 6 12 10 10 10 5 11 0 0 12 10 11 11 11 11 0 0 12
179 11 11 0 0 8 2 2 2 12 11 0 0 8 8 8 2 12 11 1 1 1 6 8 2 12 11 1 5 1 6 6 4 12 7 5 5 5 6 6 4 12 7 3 5 10 9 4 4 7 7 3 10 10 9 9 4 7 3 3 3 10 10 9 9
180 11 11 11 11 4 1 1 12 11 5 4 4 4 4 1 12 5 5 5 9 8 1 1 12 2 5 9 9 8 8 8 12 2 9 9 7 10 10 8 12 2 2 2 7 3 10 10 6 0 0 7 7 3 10 6 6 0 0 7 3 3 3 6 6
181 0 0 8 4 4 4 4 6 0 0 8 8 8 4 6 6 11 11 11 11 8 5 6 6 9 7 7 11 5 5 5 12 9 9 7 7 7 5 10 12 3 9 9 2 10 10 10 12 3 3 3 2 1 10 1 12 3 2 2 2 1 1 1 12
181b 0 0 8 4 4 4 4 6 0 0 8 8 8 4 6 6 11 11 11 11 8 10 6 6 9 7 7 11 10 10 10 12 9 9 7 7 7 5 10 12 3 9 9 2 5 5 5 12 3 3 3 2 1 5 1 12 3 2 2 2 1 1 1 12
182 11 11 11 11 7 7 7 4 11 9 9 7 7 6 4 4 10 10 9 9 3 6 6 4 12 10 10 9 3 6 6 4 12 10 5 3 3 3 0 0 12 5 5 5 2 8 0 0 12 1 5 1 2 8 8 8 12 1 1 1 2 2 2 8
183 10 10 1 1 11 2 2 2 7 10 10 1 11 6 6 2 7 10 1 1 11 6 6 2 7 7 9 11 11 5 6 12 8 7 9 9 5 5 5 12 8 8 8 9 9 5 3 12 0 0 8 4 3 3 3 12 0 0 4 4 4 4 3 12
184 0 0 12 12 12 12 12 3 0 0 5 8 8 3 3 3 7 5 5 5 8 9 9 3 7 7 5 6 8 8 9 9 2 7 6 6 4 10 10 9 2 7 6 6 4 4 10 10 2 2 2 11 4 1 10 1 11 11 11 11 4 1 1 1
185 10 10 3 3 3 6 6 6 4 10 10 3 9 9 6 6 4 10 12 3 5 9 9 2 4 4 12 5 5 5 9 2 4 7 12 8 5 2 2 2 7 7 12 8 8 8 0 0 7 1 12 1 11 8 0 0 7 1 1 1 11 11 11 11
185b 10 10 3 3 3 6 6 6 7 10 10 3 9 9 6 6 7 10 12 3 5 9 9 2 7 7 12 5 5 5 9 2 4 7 12 8 5 2 2 2 4 4 12 8 8 8 0 0 4 1 12 1 11 8 0 0 4 1 1 1 11 11 11 11
185d 3 3 3 10 10 6 6 6 7 3 10 10 9 9 6 6 7 3 12 10 5 9 9 2 7 7 12 5 5 5 9 2 4 7 12 8 5 2 2 2 4 4 12 8 8 8 0 0 4 1 12 1 11 8 0 0 4 1 1 1 11 11 11 11
185c 3 3 3 10 10 6 6 6 4 3 10 10 9 9 6 6 4 3 12 10 5 9 9 2 4 4 12 5 5 5 9 2 4 7 12 8 5 2 2 2 7 7 12 8 8 8 0 0 7 1 12 1 11 8 0 0 7 1 1 1 11 11 11 11
186 6 6 6 10 4 4 4 4 6 6 5 10 10 10 4 7 9 5 5 5 10 3 7 7 9 9 5 3 3 3 7 12 8 9 9 1 1 3 7 12 8 8 8 1 2 2 2 12 0 0 8 1 1 11 2 12 0 0 11 11 11 11 2 12
187b 4 4 4 4 5 2 2 2 12 4 10 5 5 5 9 2 12 10 10 10 5 9 9 2 12 11 11 10 9 9 6 6 12 11 7 3 3 3 6 6 12 11 7 7 3 8 8 6 1 11 1 7 3 8 0 0 1 1 1 7 8 8 0 0
187b1 4 4 4 4 5 2 2 2 12 4 10 5 5 5 9 2 12 10 10 10 5 9 9 2 12 11 11 10 9 9 0 0 12 11 7 3 3 3 0 0 12 11 7 7 3 8 8 6 1 11 1 7 3 8 6 6 1 1 1 7 8 8 6 6
188 7 7 12 12 12 12 12 8 3 7 7 7 9 8 8 8 3 3 3 9 9 8 0 0 3 5 9 9 6 4 0 0 5 5 5 6 6 4 11 11 2 5 10 6 6 4 4 11 2 10 10 10 1 4 1 11 2 2 2 10 1 1 1 11
188B 7 6 6 6 2 2 2 8 7 7 6 6 2 8 8 8 12 7 9 9 2 8 0 0 12 7 5 9 9 4 0 0 12 5 5 5 9 4 11 11 12 3 5 10 10 4 4 11 12 3 10 10 1 4 1 11 3 3 3 10 1 1 1 11
189 2 2 2 3 0 0 8 8 2 3 3 3 0 0 8 12 2 6 6 3 5 8 8 12 6 6 6 5 5 5 9 12 11 11 11 11 5 9 9 12 1 1 1 11 9 9 10 12 1 4 1 7 7 10 10 10 4 4 4 4 7 7 7 10
189b 3 2 2 2 0 0 8 8 3 3 3 2 0 0 8 12 3 6 6 2 5 8 8 12 6 6 6 5 5 5 9 12 11 11 11 11 5 9 9 12 1 1 1 11 9 9 10 12 1 4 1 7 7 10 10 10 4 4 4 4 7 7 7 10
190 2 2 2 12 12 12 12 12 2 11 6 6 8 8 0 0 2 11 6 6 8 10 0 0 7 11 6 8 8 10 10 4 7 11 11 5 10 10 4 4 7 7 5 5 5 9 3 4 1 7 1 5 9 9 3 4 1 1 1 9 9 3 3 3
191 11 11 11 11 3 2 2 2 11 5 3 3 3 2 6 6 5 5 5 4 3 2 6 6 7 5 4 4 4 4 10 6 7 9 9 8 8 10 10 10 7 7 9 9 8 10 0 0 1 7 1 9 8 8 0 0 1 1 1 12 12 12 12 12
191B 11 11 11 11 3 6 6 6 11 5 3 3 3 4 6 6 5 5 5 10 3 4 0 0 7 5 10 10 4 4 0 0 7 9 9 10 10 4 8 2 7 7 9 9 8 8 8 2 1 7 1 9 8 2 2 2 1 1 1 12 12 12 12 12
192 12 6 6 7 7 2 2 2 12 6 6 6 7 7 7 2 12 3 4 4 4 4 5 2 12 3 3 3 4 5 5 5 12 3 8 8 0 0 5 9 1 1 8 10 0 0 9 9 1 8 8 10 10 9 9 11 1 1 10 10 11 11 11 11
193 11 11 11 11 4 3 3 3 11 7 4 4 4 4 3 12 7 7 6 6 9 9 3 12 7 6 6 6 5 9 9 12 7 1 1 5 5 5 9 12 2 1 8 8 5 10 10 12 2 1 1 8 10 10 0 0 2 2 2 8 8 10 0 0
194 2 2 2 6 4 4 4 4 8 8 2 6 6 4 11 11 12 8 2 6 6 0 0 11 12 8 8 7 7 0 0 11 12 7 7 7 5 10 10 11 12 3 9 5 5 5 10 10 12 3 9 9 5 1 10 1 3 3 3 9 9 1 1 1
195 0 0 9 9 11 11 11 11 0 0 8 9 9 6 6 11 8 8 8 5 9 6 6 6 8 7 5 5 5 3 3 3 7 7 1 5 1 2 3 4 7 10 1 1 1 2 3 4 7 10 10 2 2 2 4 4 10 10 12 12 12 12 12 4
196 12 12 12 12 12 7 7 7 8 2 2 2 7 7 0 0 8 8 8 2 1 1 0 0 6 6 8 2 1 3 3 3 6 6 10 10 1 1 3 11 6 9 9 10 10 5 3 11 9 9 4 10 5 5 5 11 9 4 4 4 4 5 11 11
197 10 10 4 4 4 4 9 9 12 10 10 5 4 9 9 6 12 10 5 5 5 9 6 6 12 11 11 5 7 7 6 6 12 11 7 7 7 2 2 2 12 11 3 3 3 8 8 2 1 11 1 3 0 0 8 2 1 1 1 3 0 0 8 8
197B 9 9 4 4 4 4 10 10 6 9 9 4 5 10 10 12 6 6 9 5 5 5 10 12 6 6 7 7 5 11 11 12 3 3 3 7 7 7 11 12 2 3 0 0 8 8 11 12 2 3 0 0 8 1 11 1 2 2 2 8 8 1 1 1
197C 9 9 4 4 4 4 10 10 6 9 9 4 5 10 10 12 6 6 9 5 5 5 10 12 6 6 7 7 5 11 11 12 2 2 2 7 7 7 11 12 2 3 0 0 8 8 11 12 2 3 0 0 8 1 11 1 3 3 3 8 8 1 1 1
198 2 2 2 10 0 0 8 8 2 10 10 10 0 0 8 12 2 5 10 7 7 8 8 12 5 5 5 11 7 7 7 12 4 5 3 11 11 11 11 12 4 4 3 3 3 9 9 12 4 1 3 1 6 6 9 9 4 1 1 1 6 6 6 9
198B 6 6 6 9 10 2 2 2 6 6 9 9 10 10 10 2 12 9 9 7 7 10 5 2 12 7 7 7 11 5 5 5 12 11 11 11 11 3 5 4 12 8 8 3 3 3 4 4 12 8 0 0 1 3 1 4 8 8 0 0 1 1 1 4
199 11 11 5 3 3 3 9 9 11 5 5 5 3 9 9 12 11 7 5 4 3 9 8 12 11 7 4 4 8 8 8 12 7 7 10 4 8 6 6 12 7 10 10 4 2 6 6 12 0 0 10 10 2 1 6 1 0 0 2 2 2 1 1 1
200 2 2 2 3 3 3 1 1 2 6 6 6 3 8 8 1 2 7 6 6 3 8 1 1 7 7 9 9 8 8 10 10 7 9 9 0 0 10 10 11 7 9 4 0 0 5 10 11 4 4 4 4 5 5 5 11 12 12 12 12 12 5 11 11
201 12 3 4 4 4 4 9 7 12 3 3 3 4 9 9 7 12 3 10 10 9 9 7 7 12 10 10 2 2 2 7 11 12 5 10 2 11 11 11 11 5 5 5 2 8 8 6 6 1 5 1 0 0 8 6 6 1 1 1 0 0 8 8 6
202 12 12 12 12 12 2 2 2 11 11 11 11 5 8 8 2 11 0 0 5 5 5 8 2 3 0 0 1 5 1 8 8 3 3 3 1 1 1 9 9 3 7 7 7 10 9 9 6 7 7 4 10 10 9 6 6 4 4 4 4 10 10 6 6
202b 12 12 12 12 12 2 2 2 11 11 11 11 5 8 8 2 11 0 0 5 5 5 8 2 3 0 0 1 5 1 8 8 3 3 3 1 1 1 6 6 3 7 7 7 10 9 6 6 7 7 4 10 10 9 9 6 4 4 4 4 10 10 9 9
203 11 11 4 4 4 4 10 10 11 0 0 4 9 10 10 12 11 0 0 5 9 9 10 12 11 7 5 5 5 9 9 12 7 7 6 5 2 2 2 12 7 3 6 6 8 8 2 12 7 3 6 6 8 1 2 1 3 3 3 8 8 1 1 1
204 11 6 6 2 2 2 0 0 11 6 6 9 9 2 0 0 11 6 9 9 5 2 7 12 11 11 9 5 5 5 7 12 4 3 3 3 5 7 7 12 4 4 3 8 8 7 10 12 4 1 3 1 8 10 10 12 4 1 1 1 8 8 10 10
205 1 1 3 3 3 2 2 2 1 8 8 3 6 6 6 2 1 1 8 3 6 6 5 2 11 7 8 8 10 5 5 5 11 7 10 10 10 9 5 4 11 7 7 10 9 9 4 4 11 11 7 9 9 0 0 4 12 12 12 12 12 0 0 4
206 7 7 7 12 12 12 12 12 11 6 7 7 3 3 3 4 11 6 6 0 0 3 4 4 11 6 6 0 0 3 8 4 11 11 9 9 8 8 8 4 2 9 9 5 8 10 1 1 2 9 5 5 5 10 10 1 2 2 2 5 10 10 1 1
206b 7 7 7 12 12 12 12 12 11 6 7 7 3 3 3 4 11 6 6 0 0 3 4 4 11 6 6 0 0 3 8 4 11 11 9 9 8 8 8 4 2 9 9 10 8 5 1 1 2 9 10 10 5 5 5 1 2 2 2 10 10 5 1 1
206B 3 11 11 11 11 0 0 12 3 3 3 4 11 0 0 12 3 4 4 4 4 7 7 12 6 6 6 7 7 7 8 12 6 6 9 9 8 8 8 12 2 9 9 10 8 5 1 1 2 9 10 10 5 5 5 1 2 2 2 10 10 5 1 1
206Bb 3 11 11 11 11 0 0 12 3 3 3 4 11 0 0 12 3 4 4 4 4 7 7 12 6 6 6 7 7 7 8 12 6 6 9 9 8 8 8 12 2 9 9 5 8 10 1 1 2 9 5 5 5 10 10 1 2 2 2 5 10 10 1 1
207 1 1 3 3 3 9 9 4 1 8 8 3 9 9 4 4 1 1 8 3 9 0 0 4 10 10 8 8 11 0 0 4 2 10 10 5 11 11 11 11 2 10 5 5 5 7 7 7 2 2 2 5 7 7 6 6 12 12 12 12 12 6 6 6
208 4 12 12 12 12 12 0 0 4 4 10 10 7 7 0 0 4 8 8 10 10 7 7 7 4 8 11 10 5 2 2 2 8 8 11 5 5 5 9 2 1 1 11 3 5 9 9 2 1 11 11 3 9 9 6 6 1 1 3 3 3 6 6 6
209 4 4 4 4 5 2 2 2 7 4 9 5 5 5 10 2 7 7 9 9 5 10 10 2 12 7 3 9 9 8 10 10 12 7 3 1 1 8 8 8 12 3 3 3 1 0 0 8 12 6 6 1 1 0 0 11 12 6 6 6 11 11 11 11
210 12 12 12 12 12 2 2 2 6 6 6 11 11 11 11 2 3 6 6 11 7 7 7 2 3 3 3 5 8 8 7 7 3 10 5 5 5 8 1 1 10 10 10 5 9 8 8 1 0 0 10 9 9 4 1 1 0 0 9 9 4 4 4 4
211 12 12 12 12 12 0 0 4 2 2 2 9 9 0 0 4 2 7 7 7 9 9 4 4 2 8 8 7 7 9 5 4 6 6 8 10 10 5 5 5 6 6 8 8 10 10 5 3 1 6 1 11 10 3 3 3 1 1 1 11 11 11 11 3
212 2 2 2 12 12 12 12 12 2 8 8 7 4 4 4 4 2 10 8 7 7 4 0 0 10 10 8 8 7 3 0 0 11 10 10 5 7 3 3 3 11 9 5 5 5 3 1 1 11 9 9 5 6 6 6 1 11 11 9 9 6 6 1 1
212b 2 2 2 12 12 12 12 12 2 7 7 7 4 4 4 4 2 10 8 7 7 4 0 0 10 10 8 8 8 3 0 0 11 10 10 5 8 3 3 3 11 9 5 5 5 3 1 1 11 9 9 5 6 6 6 1 11 11 9 9 6 6 1 1
213 3 3 3 7 7 7 8 4 12 3 7 7 8 8 8 4 12 3 6 6 8 5 4 4 12 6 6 6 5 5 5 4 12 2 2 2 9 5 0 0 12 2 10 10 9 9 0 0 1 2 1 10 10 9 9 11 1 1 1 10 11 11 11 11
214 0 0 9 9 6 6 6 2 0 0 10 9 9 6 6 2 12 10 10 10 9 2 2 2 12 10 5 8 8 1 1 1 12 5 5 5 8 1 7 1 12 3 5 4 8 8 7 7 12 3 4 4 4 4 11 7 3 3 3 11 11 11 11 7
215 4 12 12 12 12 12 1 1 4 4 9 9 3 3 3 1 4 8 8 9 9 3 1 1 4 8 0 0 9 3 10 10 8 8 0 0 5 10 10 11 2 6 6 5 5 5 10 11 2 6 6 6 5 7 7 11 2 2 2 7 7 7 11 11
216 8 12 12 12 12 12 7 7 8 8 8 10 7 7 7 11 0 0 8 10 10 6 6 11 0 0 10 10 6 6 6 11 4 1 1 1 9 9 11 11 4 1 3 1 5 9 9 2 4 4 3 5 5 5 9 2 4 3 3 3 5 2 2 2
217 11 11 5 9 9 6 6 6 11 5 5 5 9 9 6 6 11 7 5 12 1 9 1 4 11 7 7 12 1 1 1 4 8 8 7 12 10 10 4 4 2 8 7 12 3 10 10 4 2 8 8 12 3 10 0 0 2 2 2 3 3 3 0 0
218 6 6 4 4 4 4 0 0 6 6 6 9 4 10 0 0 1 1 9 9 10 10 10 8 1 9 9 5 10 8 8 8 1 1 5 5 5 8 7 7 2 2 2 5 7 7 7 3 2 11 11 11 11 3 3 3 2 11 12 12 12 12 12 3
219 12 6 8 8 10 2 2 2 12 6 6 8 10 10 10 2 12 6 6 8 8 10 4 2 12 7 0 0 4 4 4 4 12 7 0 0 1 1 1 11 7 7 9 3 1 5 1 11 7 9 9 3 5 5 5 11 9 9 3 3 3 5 11 11
220 11 11 11 11 6 6 6 12 11 9 9 5 6 6 7 12 9 9 5 5 5 7 7 12 9 10 10 5 4 7 3 12 10 10 8 8 4 7 3 12 2 10 8 4 4 3 3 3 2 8 8 1 4 1 0 0 2 2 2 1 1 1 0 0
221 11 11 7 7 7 10 6 6 11 7 7 10 10 10 6 6 11 3 0 0 10 1 6 1 11 3 0 0 5 1 1 1 3 3 3 5 5 5 9 4 2 2 2 8 5 9 9 4 2 8 8 8 9 9 4 4 2 8 12 12 12 12 12 4
222 2 2 2 7 7 7 9 9 2 4 7 7 8 9 9 12 2 4 8 8 8 9 3 12 4 4 8 5 3 3 3 12 11 4 5 5 5 10 3 12 11 6 6 5 10 10 10 12 11 6 6 1 10 1 0 0 11 11 6 1 1 1 0 0
223 11 11 1 1 1 6 6 4 12 11 1 10 1 6 6 4 12 11 10 10 10 6 4 4 12 11 10 3 7 7 7 4 12 3 3 3 9 9 7 7 12 8 8 3 5 9 9 2 0 0 8 5 5 5 9 2 0 0 8 8 5 2 2 2
224 11 11 5 12 12 12 12 12 11 5 5 5 4 2 2 2 11 3 5 4 4 4 4 2 11 3 9 9 8 8 7 2 3 3 3 9 9 8 7 7 1 1 10 10 9 8 8 7 1 10 10 0 0 6 6 7 1 1 10 0 0 6 6 6
225 6 6 6 5 11 11 0 0 6 6 5 5 5 11 0 0 3 3 3 5 10 11 8 8 12 3 10 10 10 11 8 4 12 3 1 10 1 8 8 4 12 2 1 1 1 9 4 4 12 2 7 7 7 9 9 4 12 2 2 2 7 7 9 9
226 8 8 0 0 4 4 4 4 2 8 0 0 5 4 6 6 2 8 8 5 5 5 6 6 2 2 2 10 5 7 6 12 11 1 1 10 10 7 7 12 11 1 10 10 9 3 7 12 11 1 1 9 9 3 7 12 11 11 9 9 3 3 3 12
227 11 11 11 11 4 6 6 6 11 5 4 4 4 4 6 6 5 5 5 7 7 7 0 0 3 5 7 7 9 9 0 0 3 3 3 8 10 9 9 2 3 8 8 8 10 10 9 2 1 8 1 10 10 2 2 2 1 1 1 12 12 12 12 12
228 12 0 0 4 11 6 6 6 12 0 0 4 11 6 6 3 12 9 4 4 11 3 3 3 12 9 9 4 11 11 5 3 12 7 9 9 8 5 5 5 7 7 8 8 8 10 5 2 7 1 8 1 10 10 10 2 7 1 1 1 10 2 2 2
229 11 11 11 11 5 3 3 3 11 9 9 5 5 5 3 12 9 9 10 10 5 4 3 12 9 10 10 4 4 4 4 12 6 6 10 2 2 2 7 12 6 6 6 2 8 8 7 12 0 0 1 2 1 8 7 7 0 0 1 1 1 8 8 7
230 11 11 5 12 12 12 12 12 11 5 5 5 10 10 9 9 11 3 5 10 10 9 9 6 11 3 3 3 10 9 6 6 4 3 1 1 1 8 6 6 4 4 1 2 1 8 8 8 4 0 0 2 7 7 7 8 4 0 0 2 2 2 7 7
231 6 6 6 4 4 4 4 12 6 6 7 8 4 11 11 12 0 0 7 8 8 8 11 12 0 0 7 7 10 8 11 12 3 3 3 7 10 10 11 12 2 3 9 10 10 5 1 1 2 3 9 9 5 5 5 1 2 2 2 9 9 5 1 1
232 6 6 6 0 0 2 2 2 7 6 6 0 0 8 8 2 7 7 3 3 3 8 10 2 12 7 4 3 8 8 10 10 12 7 4 3 5 10 10 11 12 4 4 5 5 5 9 11 12 1 4 1 5 9 9 11 12 1 1 1 9 9 11 11
233 8 8 1 1 1 3 3 3 11 8 1 2 1 10 3 12 11 8 8 2 10 10 3 12 11 2 2 2 5 10 10 12 11 11 4 5 5 5 9 12 4 4 4 4 5 9 9 12 6 6 7 7 9 9 0 0 6 6 6 7 7 7 0 0
234 11 2 2 2 8 3 3 3 11 2 8 8 8 7 3 12 11 2 8 6 6 7 3 12 11 11 10 6 6 7 7 12 1 1 10 10 6 5 7 12 1 10 10 9 5 5 5 12 1 1 4 9 9 5 0 0 4 4 4 4 9 9 0 0
235 11 11 5 12 12 12 12 12 11 5 5 5 9 9 10 10 11 7 5 9 9 10 10 4 11 7 1 9 1 3 10 4 7 7 1 1 1 3 4 4 7 6 2 8 3 3 3 4 6 6 2 8 8 8 0 0 6 6 2 2 2 8 0 0
236 11 11 11 11 7 3 3 3 11 5 9 9 7 7 3 4 5 5 5 9 9 7 3 4 12 5 0 0 9 7 4 4 12 10 0 0 6 6 6 4 12 10 10 10 6 6 8 2 12 1 10 1 8 8 8 2 12 1 1 1 8 2 2 2
237 6 6 6 4 4 4 4 3 6 6 0 0 4 3 3 3 8 8 0 0 10 9 9 3 2 8 10 10 10 5 9 9 2 8 8 10 5 5 5 9 2 2 2 7 7 5 1 1 11 11 11 11 7 7 7 1 11 12 12 12 12 12 1 1
238 3 12 12 12 12 12 11 4 3 3 3 11 11 11 11 4 3 7 10 6 6 6 4 4 7 7 10 10 6 6 5 4 7 10 10 8 9 5 5 5 7 8 8 8 9 9 5 2 1 8 1 0 0 9 9 2 1 1 1 0 0 2 2 2
239 6 6 7 12 12 12 12 12 6 6 7 7 0 0 11 11 6 9 9 7 0 0 3 11 9 9 5 7 3 3 3 11 9 5 5 5 4 10 3 11 2 8 5 4 4 10 10 10 2 8 8 8 4 1 10 1 2 2 2 8 4 1 1 1
239b 6 6 7 11 11 11 11 12 6 6 7 7 0 0 11 12 6 9 9 7 0 0 3 12 9 9 5 7 3 3 3 12 9 5 5 5 4 10 3 12 2 8 5 4 4 10 10 10 2 8 8 8 4 1 10 1 2 2 2 8 4 1 1 1
240 8 8 0 0 4 4 4 4 11 8 0 0 6 4 10 10 11 8 8 6 6 10 10 12 11 1 1 6 6 5 10 12 11 11 1 9 5 5 5 12 2 1 1 9 9 5 3 12 2 7 7 7 9 9 3 12 2 2 2 7 7 3 3 3
241 4 4 4 4 9 2 2 2 11 11 4 9 9 2 6 6 12 11 9 9 5 2 6 6 12 11 7 5 5 5 10 6 12 11 7 7 5 10 10 10 12 8 8 7 3 3 3 10 12 8 1 7 1 3 0 0 8 8 1 1 1 3 0 0
242 6 6 7 7 11 11 11 11 6 6 4 7 7 7 10 11 6 4 4 4 4 10 10 10 3 12 12 12 12 12 5 10 3 3 3 8 9 5 5 5 3 8 8 8 9 9 5 2 1 8 1 0 0 9 9 2 1 1 1 0 0 2 2 2
243 11 11 7 7 7 3 3 3 11 7 7 1 1 1 3 12 11 4 9 1 8 1 3 12 11 4 9 9 8 8 8 12 4 4 10 9 9 5 8 12 2 4 10 10 5 5 5 12 2 10 10 6 6 5 0 0 2 2 2 6 6 6 0 0
244 6 6 6 12 8 2 2 2 3 6 6 12 8 8 8 2 3 3 3 12 7 10 8 2 3 9 9 12 7 10 10 10 9 9 5 12 7 7 10 11 9 5 5 5 1 7 1 11 0 0 5 4 1 1 1 11 0 0 4 4 4 4 11 11
246 11 11 11 11 6 3 3 3 7 7 7 11 6 6 3 4 10 10 7 7 6 6 3 4 2 10 10 5 9 9 4 4 2 10 5 5 5 9 9 4 2 2 2 5 8 1 9 1 0 0 8 8 8 1 1 1 0 0 8 12 12 12 12 12
246b 11 11 11 11 6 3 3 3 7 10 10 11 6 6 3 4 7 7 10 10 6 6 3 4 2 7 10 5 9 9 4 4 2 7 5 5 5 9 9 4 2 2 2 5 8 1 9 1 0 0 8 8 8 1 1 1 0 0 8 12 12 12 12 12
247 6 6 6 2 2 2 7 7 8 6 6 2 7 7 7 3 8 8 8 2 5 3 3 3 12 10 8 5 5 5 9 3 12 10 10 10 5 9 9 4 12 1 10 1 9 9 4 4 12 1 1 1 11 0 0 4 12 11 11 11 11 0 0 4
248 7 7 7 4 4 4 4 12 0 0 7 7 4 11 11 12 0 0 8 6 6 6 11 12 8 8 8 3 6 6 11 12 8 3 3 3 9 9 11 12 1 1 10 3 5 9 9 2 1 10 10 5 5 5 9 2 1 1 10 10 5 2 2 2
248b 7 7 7 4 4 4 4 12 0 0 7 7 4 11 11 12 0 0 8 6 6 6 11 12 8 8 8 3 6 6 11 12 8 3 3 3 9 9 11 12 1 1 5 3 10 9 9 2 1 5 5 5 10 10 9 2 1 1 5 10 10 2 2 2
248d 4 4 4 4 7 7 7 12 0 0 4 7 7 11 11 12 0 0 8 6 6 6 11 12 8 8 8 3 6 6 11 12 8 3 3 3 9 9 11 12 1 1 5 3 10 9 9 2 1 5 5 5 10 10 9 2 1 1 5 10 10 2 2 2
248c 4 4 4 4 7 7 7 12 0 0 4 7 7 11 11 12 0 0 8 6 6 6 11 12 8 8 8 3 6 6 11 12 8 3 3 3 9 9 11 12 1 1 10 3 5 9 9 2 1 10 10 5 5 5 9 2 1 1 10 10 5 2 2 2
85e 0 0 4 12 12 12 12 12 0 0 4 7 7 7 11 11 6 6 4 4 8 7 7 11 6 6 4 3 8 8 8 11 6 3 3 3 9 9 8 11 1 1 5 3 10 9 9 2 1 5 5 5 10 10 9 2 1 1 5 10 10 2 2 2
85f 0 0 4 12 12 12 12 12 0 0 4 7 7 7 11 11 6 6 4 4 8 7 7 11 6 6 4 3 8 8 8 11 6 3 3 3 9 9 8 11 1 1 10 3 5 9 9 2 1 10 10 5 5 5 9 2 1 1 10 10 5 2 2 2
85g 0 0 4 12 12 12 12 12 0 0 4 8 8 7 11 11 6 6 4 4 8 7 7 11 6 6 4 3 8 8 7 11 6 3 3 3 9 9 7 11 1 1 10 3 5 9 9 2 1 10 10 5 5 5 9 2 1 1 10 10 5 2 2 2
85h 0 0 4 12 12 12 12 12 0 0 4 8 8 7 11 11 6 6 4 4 8 7 7 11 6 6 4 3 8 8 7 11 6 3 3 3 9 9 7 11 1 1 5 3 10 9 9 2 1 5 5 5 10 10 9 2 1 1 5 10 10 2 2 2
248C 12 11 11 11 11 6 6 6 12 11 7 7 7 3 6 6 12 7 7 8 4 3 3 3 12 8 8 8 4 3 0 0 12 8 9 9 4 4 0 0 2 9 9 5 4 10 1 1 2 9 5 5 5 10 10 1 2 2 2 5 10 10 1 1
248Cb 12 11 11 11 11 6 6 6 12 11 7 7 7 3 6 6 12 7 7 8 4 3 3 3 12 8 8 8 4 3 0 0 12 8 9 9 4 4 0 0 2 9 9 10 4 5 1 1 2 9 10 10 5 5 5 1 2 2 2 10 10 5 1 1
248Cc 12 12 12 12 12 6 6 6 11 11 7 7 7 3 6 6 11 7 7 8 4 3 3 3 11 8 8 8 4 3 0 0 11 8 9 9 4 4 0 0 2 9 9 10 4 5 1 1 2 9 10 10 5 5 5 1 2 2 2 10 10 5 1 1
248Cd 12 12 12 12 12 6 6 6 11 11 7 7 7 3 6 6 11 7 7 8 4 3 3 3 11 8 8 8 4 3 0 0 11 8 9 9 4 4 0 0 2 9 9 5 4 10 1 1 2 9 5 5 5 10 10 1 2 2 2 5 10 10 1 1
248Ce 12 12 12 12 12 6 6 6 11 11 7 8 8 3 6 6 11 7 7 8 4 3 3 3 11 7 8 8 4 3 0 0 11 7 9 9 4 4 0 0 2 9 9 5 4 10 1 1 2 9 5 5 5 10 10 1 2 2 2 5 10 10 1 1
248Cf 12 12 12 12 12 6 6 6 11 11 7 8 8 3 6 6 11 7 7 8 4 3 3 3 11 7 8 8 4 3 0 0 11 7 9 9 4 4 0 0 2 9 9 10 4 5 1 1 2 9 10 10 5 5 5 1 2 2 2 10 10 5 1 1
248Cg 12 11 11 11 11 6 6 6 12 11 7 8 8 3 6 6 12 7 7 8 4 3 3 3 12 7 8 8 4 3 0 0 12 7 9 9 4 4 0 0 2 9 9 10 4 5 1 1 2 9 10 10 5 5 5 1 2 2 2 10 10 5 1 1
248Ch 12 11 11 11 11 6 6 6 12 11 7 8 8 3 6 6 12 7 7 8 4 3 3 3 12 7 8 8 4 3 0 0 12 7 9 9 4 4 0 0 2 9 9 5 4 10 1 1 2 9 5 5 5 10 10 1 2 2 2 5 10 10 1 1
249 6 6 6 10 11 11 11 11 9 6 6 10 10 10 5 11 9 9 7 7 10 5 5 5 4 9 9 7 7 7 5 8 4 4 3 3 3 8 8 8 4 0 0 3 1 8 1 2 4 0 0 3 1 1 1 2 12 12 12 12 12 2 2 2
249B 6 6 6 10 11 11 11 11 7 6 6 10 10 10 5 11 7 7 0 0 10 5 5 5 4 7 0 0 9 9 5 8 4 7 3 9 9 8 8 8 4 4 3 9 1 8 1 2 4 3 3 3 1 1 1 2 12 12 12 12 12 2 2 2
250 12 3 4 4 4 4 0 0 12 3 3 3 4 5 0 0 12 3 10 9 5 5 5 6 12 10 10 9 9 5 6 6 12 7 10 10 9 9 6 6 7 7 11 11 11 11 8 2 7 1 11 1 8 8 8 2 7 1 1 1 8 2 2 2
251 6 6 6 11 11 11 11 10 6 6 5 11 9 10 10 10 4 5 5 5 9 9 10 12 4 4 5 7 7 9 9 12 4 7 7 7 2 2 2 12 4 3 3 3 2 8 8 12 0 0 3 1 2 1 8 12 0 0 3 1 1 1 8 8
252 3 4 4 4 4 10 11 11 3 3 3 4 10 10 10 11 3 5 9 9 10 8 8 11 5 5 5 9 9 2 8 11 6 5 1 1 9 2 8 8 6 6 1 2 2 2 0 0 6 6 1 1 7 7 0 0 12 12 12 12 12 7 7 7
253 9 12 12 12 12 12 1 1 9 9 10 10 3 3 3 1 7 9 9 10 10 3 1 1 7 8 8 10 5 3 6 6 7 7 8 5 5 5 6 6 2 7 8 8 5 0 0 6 2 4 4 4 4 0 0 11 2 2 2 4 11 11 11 11
253b 9 12 12 12 12 12 1 1 9 9 10 10 3 3 3 1 8 9 9 10 10 3 1 1 8 8 8 10 5 3 6 6 7 7 8 5 5 5 6 6 2 7 7 7 5 0 0 6 2 4 4 4 4 0 0 11 2 2 2 4 11 11 11 11
251B 10 11 11 11 11 6 6 6 10 10 10 9 11 5 6 6 12 10 9 9 5 5 5 4 12 9 9 7 7 5 4 4 12 7 7 7 2 2 2 4 12 8 8 3 3 3 2 4 12 8 0 0 3 1 2 1 8 8 0 0 3 1 1 1
254B 2 2 2 10 1 1 1 12 2 10 10 10 1 3 1 12 2 7 10 3 3 3 11 12 7 7 9 9 5 3 11 12 7 9 9 5 5 5 11 12 7 9 6 6 5 8 11 11 0 0 6 6 4 8 8 8 0 0 6 4 4 4 4 8
255 11 11 12 12 12 12 12 6 11 4 4 4 4 10 6 6 11 8 4 10 10 10 6 6 11 8 8 8 10 0 0 7 3 3 3 8 5 0 0 7 2 3 9 5 5 5 7 7 2 3 9 9 5 1 7 1 2 2 2 9 9 1 1 1
255b 11 11 12 12 12 12 12 6 11 4 4 4 4 10 6 6 11 8 4 10 10 10 6 6 11 8 8 8 10 0 0 7 2 2 2 8 5 0 0 7 2 3 9 5 5 5 7 7 2 3 9 9 5 1 7 1 3 3 3 9 9 1 1 1
256 6 6 8 8 10 1 1 12 6 6 8 10 10 10 1 12 6 8 8 10 9 1 1 12 3 3 3 9 9 0 0 12 11 3 9 9 4 0 0 12 11 3 5 4 4 4 4 2 11 5 5 5 7 7 7 2 11 11 5 7 7 2 2 2
257 2 2 2 1 1 0 0 4 2 6 6 6 1 0 0 4 2 6 6 1 1 9 4 4 3 11 11 11 11 9 9 4 3 3 3 5 11 8 9 9 3 10 5 5 5 8 8 8 10 10 10 5 7 7 7 8 10 12 12 12 12 12 7 7
258 1 1 5 12 12 12 12 12 1 5 5 5 9 9 10 10 1 1 5 9 9 10 10 4 2 2 2 9 6 6 10 4 2 7 8 8 6 6 4 4 2 7 3 8 6 0 0 4 7 7 3 8 8 0 0 11 7 3 3 3 11 11 11 11
259 2 2 2 9 9 5 11 11 2 3 9 9 5 5 5 11 2 3 9 6 6 5 10 11 3 3 3 6 6 10 10 11 4 4 4 4 6 8 10 10 1 4 1 8 8 8 0 0 1 1 1 8 7 7 0 0 12 12 12 12 12 7 7 7
259b 3 3 3 9 9 5 11 11 2 3 9 9 5 5 5 11 2 3 9 6 6 5 10 11 2 2 2 6 6 10 10 11 4 4 4 4 6 8 10 10 1 4 1 8 8 8 0 0 1 1 1 8 7 7 0 0 12 12 12 12 12 7 7 7
260 11 11 10 10 7 7 7 6 11 10 10 7 7 3 6 6 11 8 10 3 3 3 6 6 11 8 8 8 9 3 0 0 1 1 5 8 9 9 0 0 1 5 5 5 4 9 9 2 1 1 5 4 4 4 4 2 12 12 12 12 12 2 2 2
261 1 1 1 0 0 3 3 3 1 5 1 0 0 10 3 2 5 5 5 10 10 10 3 2 4 5 9 9 10 2 2 2 4 4 6 9 9 7 11 11 4 6 6 8 9 7 7 11 4 6 6 8 8 8 7 11 12 12 12 12 12 8 7 11
262 7 7 7 3 3 3 6 6 11 11 7 7 3 6 6 6 11 0 0 9 3 2 2 2 11 0 0 9 9 8 8 2 11 10 10 5 9 9 8 2 10 10 5 5 5 4 8 8 1 10 1 5 4 4 4 4 1 1 1 12 12 12 12 12
262b 7 7 7 3 3 3 6 6 11 11 7 7 3 6 6 6 11 0 0 9 3 2 2 2 11 0 0 9 9 8 8 2 11 5 10 10 9 9 8 2 5 5 5 10 10 4 8 8 1 5 1 10 4 4 4 4 1 1 1 12 12 12 12 12
263 11 11 11 11 4 4 4 4 11 7 7 7 0 0 4 9 7 7 8 10 0 0 9 9 8 8 8 10 10 9 9 12 8 5 10 10 3 3 3 12 5 5 5 6 6 3 2 12 1 5 1 6 6 3 2 12 1 1 1 6 2 2 2 12
263b 11 11 11 11 4 4 4 4 11 7 8 8 0 0 4 9 7 7 8 10 0 0 9 9 7 8 8 10 10 9 9 12 7 5 10 10 3 3 3 12 5 5 5 6 6 3 2 12 1 5 1 6 6 3 2 12 1 1 1 6 2 2 2 12
263c 11 11 11 11 4 4 4 4 11 7 8 8 0 0 4 9 7 7 8 10 0 0 9 9 7 8 8 10 10 9 9 12 7 5 10 10 2 2 2 12 5 5 5 6 6 3 2 12 1 5 1 6 6 3 2 12 1 1 1 6 3 3 3 12
263d 11 11 11 11 4 4 4 4 11 7 7 7 0 0 4 9 7 7 8 10 0 0 9 9 8 8 8 10 10 9 9 12 8 5 10 10 2 2 2 12 5 5 5 6 6 3 2 12 1 5 1 6 6 3 2 12 1 1 1 6 3 3 3 12
264 11 11 5 3 3 3 0 0 11 5 5 5 3 12 0 0 11 7 5 10 3 12 6 6 11 7 10 10 10 12 6 6 7 7 9 9 10 12 6 4 7 9 9 2 8 12 4 4 1 9 1 2 8 8 8 4 1 1 1 2 2 2 8 4
265 4 7 7 12 12 12 12 12 4 4 7 7 7 6 6 6 4 11 11 11 11 6 6 3 4 9 9 5 11 3 3 3 9 9 5 5 5 1 1 3 9 8 8 5 10 10 1 2 0 0 8 10 10 1 1 2 0 0 8 8 10 2 2 2
266 3 3 3 5 1 1 6 6 11 3 5 5 5 1 6 6 11 3 4 5 1 1 6 12 11 4 4 4 4 0 0 12 11 11 9 9 10 0 0 12 2 9 9 10 10 8 8 12 2 9 7 7 10 10 8 12 2 2 2 7 7 7 8 8
266b 3 3 3 5 1 1 0 0 11 3 5 5 5 1 0 0 11 3 4 5 1 1 6 12 11 4 4 4 4 6 6 12 11 11 9 9 10 6 6 12 2 9 9 10 10 8 8 12 2 9 7 7 10 10 8 12 2 2 2 7 7 7 8 8
267 8 2 2 2 3 3 3 12 8 8 8 2 11 3 4 12 0 0 8 2 11 3 4 12 0 0 7 7 11 4 4 12 7 7 7 11 11 5 4 12 1 1 10 9 5 5 5 6 1 10 10 9 9 5 6 6 1 1 10 10 9 9 6 6
268 2 2 2 3 7 6 6 6 2 3 3 3 7 7 6 6 2 9 9 3 8 7 0 0 9 9 8 8 8 7 0 0 9 5 8 12 12 12 12 12 5 5 5 10 4 4 4 4 11 5 10 10 10 1 4 1 11 11 11 11 10 1 1 1
268b 3 2 2 2 7 6 6 6 3 3 3 2 7 7 6 6 3 9 9 2 8 7 0 0 9 9 8 8 8 7 0 0 9 5 8 12 12 12 12 12 5 5 5 10 4 4 4 4 11 5 10 10 10 1 4 1 11 11 11 11 10 1 1 1
269 3 3 3 9 9 2 2 2 12 3 9 9 5 8 8 2 12 3 9 5 5 5 8 2 12 4 0 0 5 10 8 8 12 4 0 0 10 10 10 11 12 4 4 7 7 7 10 11 1 4 1 6 6 7 7 11 1 1 1 6 6 6 11 11
269B 3 3 3 9 9 2 2 2 12 3 9 9 5 8 8 2 12 3 9 5 5 5 8 2 12 0 0 7 5 4 8 8 12 0 0 7 4 4 4 4 12 6 6 7 7 10 1 1 11 6 6 6 7 10 10 1 11 11 11 11 10 10 1 1
269A 3 3 3 9 9 2 2 2 12 3 9 9 5 8 8 2 12 3 9 5 5 5 8 2 12 1 1 1 5 10 8 8 12 1 4 1 10 10 10 11 12 4 4 7 7 7 10 11 0 0 4 6 6 7 7 11 0 0 4 6 6 6 11 11
269C 3 3 3 9 9 2 2 2 12 3 9 9 5 8 8 2 12 3 9 5 5 5 8 2 12 1 1 1 5 7 8 8 12 1 4 1 10 7 7 11 12 4 4 10 10 10 7 11 0 0 4 6 6 10 7 11 0 0 4 6 6 6 11 11
269C1 3 3 3 9 9 2 2 2 12 3 9 9 5 8 8 2 12 3 9 5 5 5 8 2 12 1 1 1 5 7 8 8 12 1 4 1 10 7 7 11 12 4 4 10 10 10 7 11 0 0 4 10 6 6 7 11 0 0 4 6 6 6 11 11
269D1 3 3 3 9 9 2 2 2 12 3 9 9 5 8 8 2 12 3 9 5 5 5 8 2 12 4 0 0 5 7 8 8 12 4 0 0 10 7 7 11 12 4 4 10 10 10 7 11 1 4 1 10 6 6 7 11 1 1 1 6 6 6 11 11
269D 3 3 3 9 9 2 2 2 12 3 9 9 5 8 8 2 12 3 9 5 5 5 8 2 12 4 0 0 5 7 8 8 12 4 0 0 10 7 7 11 12 4 4 10 10 10 7 11 1 4 1 6 6 10 7 11 1 1 1 6 6 6 11 11
270 3 3 3 5 2 2 2 11 4 3 5 5 5 9 2 11 4 3 7 5 9 9 2 11 4 4 7 9 9 10 11 11 4 7 7 10 10 10 6 6 1 7 1 8 10 6 6 6 1 1 1 8 8 8 0 0 12 12 12 12 12 8 0 0
271 2 2 2 6 6 6 0 0 12 4 2 6 6 10 0 0 12 4 2 8 10 10 10 7 12 4 4 8 8 8 10 7 12 4 9 9 5 8 7 7 12 9 9 5 5 5 7 3 1 9 1 11 5 3 3 3 1 1 1 11 11 11 11 3
271b 2 2 2 0 0 6 6 6 12 4 2 0 0 10 6 6 12 4 2 8 10 10 10 7 12 4 4 8 8 8 10 7 12 4 9 9 5 8 7 7 12 9 9 5 5 5 7 3 1 9 1 11 5 3 3 3 1 1 1 11 11 11 11 3
272 11 11 7 4 4 4 4 9 11 7 7 0 0 4 9 9 11 7 10 0 0 9 9 3 11 7 10 10 10 3 3 3 2 2 2 10 8 8 5 3 2 6 6 6 8 5 5 5 2 6 6 8 8 1 5 1 12 12 12 12 12 1 1 1
273 3 7 7 7 11 11 6 6 3 3 3 7 7 11 6 6 3 9 9 0 0 11 4 6 9 9 5 0 0 11 4 12 9 5 5 5 10 4 4 12 2 8 5 10 10 10 4 12 2 8 8 8 1 10 1 12 2 2 2 8 1 1 1 12
274 2 2 2 10 4 4 4 4 2 7 10 10 10 4 6 6 2 7 10 8 8 6 6 6 7 7 9 9 8 1 1 12 7 9 9 5 8 8 1 12 3 9 5 5 5 1 1 12 3 3 3 5 11 0 0 12 3 11 11 11 11 0 0 12
275 6 6 9 9 3 3 3 12 6 6 6 9 9 3 7 12 2 2 2 4 9 3 7 12 2 4 4 4 4 7 7 12 2 10 10 0 0 7 5 12 10 10 8 0 0 5 5 5 11 10 8 8 8 1 5 1 11 11 11 11 8 1 1 1
276 11 11 10 9 9 2 2 2 11 10 10 10 9 9 4 2 11 8 8 10 3 9 4 2 11 8 3 3 3 4 4 12 8 8 7 7 3 5 4 12 7 7 7 6 5 5 5 12 0 0 6 6 1 5 1 12 0 0 6 6 1 1 1 12
277 10 12 12 12 12 12 1 1 10 10 10 5 3 3 3 1 6 10 5 5 5 3 1 1 6 6 2 5 7 3 9 9 6 6 2 7 7 9 9 4 2 2 2 7 8 9 4 4 0 0 11 7 8 8 8 4 0 0 11 11 11 11 8 4
278 2 2 2 12 12 12 12 12 2 9 9 3 3 3 0 0 2 5 9 9 3 7 0 0 5 5 5 9 3 7 8 8 10 5 11 11 7 7 8 4 10 10 10 11 7 8 8 4 1 10 1 11 6 6 4 4 1 1 1 11 6 6 6 4
279 2 2 2 3 0 0 6 6 2 8 8 3 0 0 6 6 2 8 3 3 3 7 6 12 8 8 5 10 10 7 7 12 9 5 5 5 10 10 7 12 9 9 5 1 10 1 7 12 11 9 9 1 1 1 4 12 11 11 11 11 4 4 4 4
279b 2 2 2 3 0 0 6 6 2 8 8 3 0 0 6 6 2 8 3 3 3 7 6 12 8 8 10 10 5 7 7 12 9 10 10 5 5 5 7 12 9 9 10 1 5 1 7 12 11 9 9 1 1 1 4 12 11 11 11 11 4 4 4 4
280 3 11 11 11 11 4 0 0 3 3 3 7 11 4 0 0 3 9 9 7 4 4 8 8 9 9 10 7 7 4 8 12 9 10 10 10 7 8 8 12 2 2 2 10 5 1 1 12 2 6 6 5 5 5 1 12 2 6 6 6 5 1 1 12
280b 3 11 11 11 11 4 0 0 3 3 3 7 11 4 0 0 3 9 9 7 4 4 8 8 9 9 10 7 7 4 8 12 9 10 10 10 7 8 8 12 1 1 5 10 2 2 2 12 1 5 5 5 6 6 2 12 1 1 5 6 6 6 2 12
277B 1 1 12 12 12 12 12 10 1 3 3 3 5 10 10 10 1 1 3 5 5 5 10 8 9 9 3 7 5 8 8 8 4 9 9 7 7 8 6 11 4 4 9 2 7 6 6 11 4 0 0 2 7 6 6 11 4 0 0 2 2 2 11 11
281 9 9 8 8 11 11 11 11 7 9 9 8 11 3 6 6 7 7 9 8 8 3 6 6 12 7 0 0 3 3 3 6 12 7 0 0 10 2 2 2 12 1 1 5 10 10 10 2 12 1 5 5 5 10 4 2 12 1 1 5 4 4 4 4
282 4 4 4 4 10 10 6 6 7 4 5 10 10 6 6 6 7 5 5 5 10 1 1 11 7 7 5 9 8 8 1 11 2 7 9 9 8 1 1 11 2 9 9 8 8 3 11 11 2 2 2 3 3 3 0 0 12 12 12 12 12 3 0 0
283 3 7 7 7 11 11 11 11 3 3 3 7 7 9 9 11 3 4 6 6 0 0 9 9 12 4 6 6 0 0 5 9 12 4 4 6 8 5 5 5 12 4 8 8 8 10 5 2 12 1 8 1 10 10 10 2 12 1 1 1 10 2 2 2
283b 3 7 7 7 11 11 11 11 3 3 3 7 7 9 9 11 3 1 1 1 0 0 9 9 12 1 8 1 0 0 5 9 12 4 8 8 8 5 5 5 12 4 4 6 8 10 5 2 12 4 6 6 10 10 10 2 12 4 6 6 10 2 2 2
284 8 8 0 0 11 11 11 11 12 8 0 0 11 6 6 2 12 8 8 5 6 6 6 2 12 9 5 5 5 2 2 2 12 9 9 5 1 1 1 4 12 10 9 9 1 3 1 4 10 10 10 7 7 3 4 4 10 7 7 7 3 3 3 4
285 4 4 4 4 8 2 2 2 6 6 4 5 8 8 8 2 6 6 5 5 5 9 8 2 6 7 3 5 9 9 0 0 7 7 3 9 9 10 0 0 7 3 3 3 11 10 10 10 7 11 11 11 11 1 10 1 12 12 12 12 12 1 1 1
286 0 0 1 1 1 2 2 2 0 0 1 4 1 9 9 2 6 6 6 4 9 9 7 2 6 6 4 4 9 5 7 7 11 11 8 4 5 5 5 7 11 3 8 8 8 5 10 7 11 3 3 3 8 10 10 10 11 3 12 12 12 12 12 10
287 4 12 12 12 12 12 6 6 4 4 7 7 7 6 6 6 4 1 1 1 7 7 0 0 4 1 5 1 8 8 0 0 9 5 5 5 8 3 3 3 9 9 5 8 8 10 3 2 11 9 9 10 10 10 3 2 11 11 11 11 10 2 2 2
287b 4 12 12 12 12 12 6 6 4 4 7 7 7 6 6 6 4 1 1 1 7 7 0 0 4 1 5 1 8 8 0 0 9 5 5 5 8 2 2 2 9 9 5 8 8 10 3 2 11 9 9 10 10 10 3 2 11 11 11 11 10 3 3 3
288 2 2 2 12 12 12 12 12 2 11 11 11 11 3 0 0 2 11 5 3 3 3 0 0 9 5 5 5 7 3 10 10 9 9 5 7 7 10 10 4 6 9 9 7 8 8 10 4 6 6 1 7 1 8 4 4 6 6 1 1 1 8 8 4
289 2 2 2 5 8 8 0 0 2 9 5 5 5 8 0 0 2 9 9 5 10 8 8 12 7 7 9 9 10 10 10 12 11 7 7 7 1 10 1 12 11 6 6 3 1 1 1 12 11 6 6 3 3 3 4 12 11 11 6 3 4 4 4 4
290 4 3 3 3 9 9 6 6 4 4 3 9 9 5 6 6 4 8 3 9 5 5 5 6 4 8 8 8 10 5 7 12 2 2 2 8 10 10 7 12 0 0 2 10 10 7 7 12 0 0 2 11 1 7 1 12 11 11 11 11 1 1 1 12
290b 4 3 3 3 9 9 6 6 4 4 3 9 9 5 6 6 4 8 3 9 5 5 5 6 4 8 8 8 10 5 7 12 2 2 2 8 10 10 7 12 2 0 0 10 10 7 7 12 2 0 0 11 1 7 1 12 11 11 11 11 1 1 1 12
290c 4 3 3 3 9 9 6 6 4 4 3 9 9 5 6 6 4 8 3 9 5 5 5 6 4 8 8 8 10 5 7 12 2 0 0 8 10 10 7 12 2 0 0 10 10 7 7 12 2 2 2 11 1 7 1 12 11 11 11 11 1 1 1 12
290d 4 3 3 3 9 9 6 6 4 4 3 9 9 5 6 6 4 8 3 9 5 5 5 6 4 8 8 8 10 5 7 12 0 0 2 8 10 10 7 12 0 0 2 10 10 7 7 12 2 2 2 11 1 7 1 12 11 11 11 11 1 1 1 12
291 0 0 6 6 11 1 1 1 0 0 6 6 11 1 5 1 10 10 6 2 11 5 5 5 4 10 10 2 11 11 5 9 4 10 8 2 2 2 9 9 4 4 8 8 8 9 9 3 4 7 7 7 8 3 3 3 7 7 12 12 12 12 12 3
292 6 6 0 0 4 4 4 4 6 6 0 0 9 9 4 8 6 10 10 9 9 8 8 8 10 10 3 9 5 8 7 12 2 10 3 5 5 5 7 12 2 3 3 3 5 7 7 12 2 2 2 11 1 7 1 12 11 11 11 11 1 1 1 12
293 2 2 2 4 4 4 4 8 2 7 7 7 4 8 8 8 2 6 3 7 7 8 10 10 6 6 3 3 3 10 10 12 6 6 3 9 9 5 10 12 0 0 9 9 5 5 5 12 0 0 9 11 1 5 1 12 11 11 11 11 1 1 1 12
294 1 1 1 2 2 2 4 12 1 10 1 2 8 8 4 12 10 10 10 2 8 4 4 12 10 0 0 8 8 5 4 12 11 0 0 3 5 5 5 12 11 3 3 3 9 5 6 6 11 7 7 3 9 9 6 6 11 11 7 7 7 9 9 6
295 2 2 2 8 11 11 11 11 2 8 8 8 11 3 3 3 2 8 7 7 7 10 3 12 9 7 7 5 10 10 3 12 9 9 5 5 5 10 10 12 6 9 9 5 1 1 1 12 6 6 0 0 1 4 1 12 6 6 0 0 4 4 4 4
296 9 9 4 4 4 4 7 7 11 9 9 4 7 7 7 3 11 8 9 10 10 3 3 3 11 8 8 8 10 10 5 3 11 11 6 8 10 5 5 5 2 6 6 0 0 1 5 1 2 6 6 0 0 1 1 1 2 2 2 12 12 12 12 12
296b 9 9 7 7 4 4 4 4 11 9 9 7 7 7 4 3 11 8 9 10 10 3 3 3 11 8 8 8 10 10 5 3 11 11 6 8 10 5 5 5 2 6 6 0 0 1 5 1 2 6 6 0 0 1 1 1 2 2 2 12 12 12 12 12
297 3 3 3 5 4 4 4 4 12 3 5 5 5 4 8 2 12 3 10 5 8 8 8 2 12 10 10 10 8 2 2 2 12 10 9 9 7 0 0 11 12 9 9 7 7 0 0 11 1 9 1 7 6 6 6 11 1 1 1 7 6 6 11 11
297b 3 3 3 5 4 4 4 4 12 3 5 5 5 4 8 2 12 3 10 5 8 8 8 2 12 10 10 10 8 2 2 2 12 10 9 9 0 0 7 11 12 9 9 6 0 0 7 11 1 9 1 6 6 7 7 11 1 1 1 6 6 7 11 11
297c 3 3 3 5 4 4 4 4 12 3 5 5 5 4 8 2 12 3 10 5 8 8 8 2 12 10 10 10 8 2 2 2 12 10 9 9 6 6 6 11 12 9 9 0 0 6 6 11 1 9 1 0 0 7 7 11 1 1 1 7 7 7 11 11
297d 3 3 3 5 4 4 4 4 12 3 5 5 5 4 8 2 12 3 10 5 8 8 8 2 12 10 10 10 8 2 2 2 12 10 9 9 6 6 7 11 12 9 9 6 6 6 7 11 1 9 1 0 0 7 7 11 1 1 1 0 0 7 11 11
297e 3 3 3 5 4 4 4 4 12 3 5 5 5 4 8 2 12 3 10 5 8 8 8 2 12 10 10 10 8 2 2 2 12 10 9 9 7 6 6 11 12 9 9 7 7 6 6 11 1 9 1 7 0 0 6 11 1 1 1 7 0 0 11 11
297f 3 3 3 5 4 4 4 4 12 3 5 5 5 4 8 2 12 3 10 5 8 8 8 2 12 10 10 10 8 2 2 2 12 10 9 9 7 7 7 11 12 9 9 7 7 0 0 11 1 9 1 6 6 0 0 11 1 1 1 6 6 6 11 11
298 9 4 4 4 4 2 2 2 9 9 4 0 0 8 8 2 3 9 9 0 0 8 7 2 3 3 3 5 8 8 7 7 3 10 5 5 5 6 6 7 10 10 10 5 11 6 6 7 10 11 11 11 11 1 6 1 12 12 12 12 12 1 1 1
299 2 2 2 7 7 7 1 1 2 8 8 0 0 7 7 1 2 8 10 0 0 5 1 1 8 8 10 10 5 5 5 9 4 10 10 6 6 5 9 9 4 4 6 6 6 9 9 3 4 11 11 11 11 3 3 3 4 11 12 12 12 12 12 3
300 2 2 2 7 4 4 4 4 2 9 9 7 7 6 4 11 2 5 9 9 7 6 6 11 5 5 5 9 7 6 6 11 1 5 1 8 8 10 11 11 1 1 1 8 10 10 10 3 0 0 8 8 10 3 3 3 0 0 12 12 12 12 12 3
301 11 11 4 4 4 4 10 10 11 0 0 4 9 10 10 12 11 0 0 5 9 9 10 12 11 7 5 5 5 9 9 12 7 7 1 5 1 8 8 12 7 3 1 1 1 2 8 12 7 3 6 6 6 2 8 8 3 3 3 6 6 2 2 2
302 11 12 12 12 12 12 10 10 11 11 11 11 5 10 10 2 3 3 3 5 5 5 10 2 7 3 0 0 5 2 2 2 7 3 0 0 4 4 4 4 7 7 8 8 9 4 6 6 1 7 1 8 9 9 6 6 1 1 1 8 8 9 9 6
303 3 3 3 5 6 6 6 7 12 3 5 5 5 6 6 7 12 3 10 5 0 0 7 7 12 10 10 10 0 0 7 11 12 10 8 8 1 1 1 11 12 9 9 8 1 2 1 11 9 9 4 8 8 2 11 11 9 4 4 4 4 2 2 2
304 3 3 3 11 11 6 6 6 12 3 0 0 11 6 6 10 12 3 0 0 11 10 10 10 12 2 2 2 11 5 10 7 12 2 9 9 5 5 5 7 12 2 8 9 9 5 7 7 8 8 8 4 9 1 7 1 8 4 4 4 4 1 1 1
305 11 11 1 1 1 2 2 2 12 11 1 6 1 9 9 2 12 11 6 6 9 9 5 2 12 11 6 6 9 5 5 5 12 7 4 4 4 4 5 8 12 7 10 4 3 8 8 8 7 7 10 10 3 8 0 0 7 10 10 3 3 3 0 0
306 2 2 2 5 11 11 11 11 2 9 5 5 5 10 10 11 2 9 9 5 8 8 10 10 0 0 9 9 8 7 10 12 0 0 4 8 8 7 7 12 1 1 4 6 6 3 7 12 1 4 4 6 6 3 7 12 1 1 4 6 3 3 3 12
307 10 10 3 3 3 6 6 12 7 10 10 3 6 6 6 12 7 10 1 3 1 8 8 12 7 7 1 1 1 8 4 12 11 7 0 0 8 8 4 12 11 9 0 0 5 4 4 2 11 9 9 5 5 5 4 2 11 11 9 9 5 2 2 2
308 3 3 3 6 6 2 2 2 12 3 6 6 6 0 0 2 12 3 7 7 7 0 0 2 12 4 9 9 7 7 10 10 12 4 4 9 9 10 10 11 12 4 8 8 9 5 10 11 1 4 1 8 5 5 5 11 1 1 1 8 8 5 11 11
309 4 1 1 11 11 11 11 3 4 4 1 11 9 3 3 3 4 1 1 9 9 0 0 3 4 5 9 9 8 0 0 12 5 5 5 7 8 8 8 12 2 5 10 7 7 6 8 12 2 10 10 10 7 6 6 12 2 2 2 10 7 6 6 12
309b 4 1 1 11 11 11 11 3 4 4 1 11 9 3 3 3 4 1 1 9 9 0 0 3 4 5 9 9 8 0 0 12 5 5 5 10 8 8 8 12 2 5 10 10 10 6 8 12 2 7 7 7 10 6 6 12 2 2 2 7 7 6 6 12
310 12 12 12 12 12 2 2 2 8 8 6 6 6 0 0 2 7 8 6 6 5 0 0 2 7 8 8 5 5 5 10 10 7 7 9 9 5 10 10 4 1 7 1 9 9 3 10 4 1 1 1 11 9 3 4 4 11 11 11 11 3 3 3 4
310b 12 12 12 12 12 2 2 2 8 8 0 0 6 6 6 2 7 8 0 0 5 6 6 2 7 8 8 5 5 5 10 10 7 7 9 9 5 10 10 4 1 7 1 9 9 3 10 4 1 1 1 11 9 3 4 4 11 11 11 11 3 3 3 4
500 12 1 1 1 8 8 0 0 12 1 10 1 2 8 0 0 12 10 10 10 2 8 8 7 12 10 2 2 2 9 7 7 12 6 6 6 9 9 7 11 3 6 6 9 9 5 7 11 3 3 3 4 5 5 5 11 3 4 4 4 4 5 11 11
502 11 6 3 3 3 2 2 2 11 6 6 3 10 8 8 2 11 6 6 3 10 10 8 2 11 11 5 10 10 9 8 8 4 5 5 5 9 9 1 1 4 4 5 9 9 7 7 1 4 0 0 7 7 7 1 1 4 0 0 12 12 12 12 12
503 7 8 8 10 11 11 11 11 7 7 8 10 10 10 5 11 12 7 8 8 10 5 5 5 12 7 6 6 4 1 5 1 12 6 6 6 4 1 1 1 12 3 9 4 4 2 2 2 12 3 9 9 4 0 0 2 3 3 3 9 9 0 0 2
503b 7 8 8 10 11 11 11 11 7 7 8 10 10 10 5 11 12 7 8 8 10 5 5 5 12 7 6 6 4 1 5 1 12 6 6 6 4 1 1 1 12 3 9 4 4 2 2 2 12 3 9 9 4 2 0 0 3 3 3 9 9 2 0 0
503c 7 8 8 10 11 11 11 11 7 7 8 10 10 10 5 11 12 7 8 8 10 5 5 5 12 7 6 6 4 1 5 1 12 6 6 6 4 1 1 1 12 3 9 4 4 2 0 0 12 3 9 9 4 2 0 0 3 3 3 9 9 2 2 2
503d 7 8 8 10 11 11 11 11 7 7 8 10 10 10 5 11 12 7 8 8 10 5 5 5 12 7 6 6 4 1 5 1 12 6 6 6 4 1 1 1 12 3 9 4 4 0 0 2 12 3 9 9 4 0 0 2 3 3 3 9 9 2 2 2
504 7 7 12 12 12 12 12 3 4 7 7 7 10 3 3 3 4 4 9 9 10 10 5 3 4 9 9 10 10 5 5 5 4 9 0 0 11 1 5 1 2 8 0 0 11 1 1 1 2 8 8 8 11 6 6 6 2 2 2 8 11 11 6 6
311 4 6 6 6 11 11 11 11 4 6 6 0 0 9 9 11 4 4 10 0 0 5 9 9 4 10 10 10 5 5 5 9 3 3 3 10 8 5 1 1 2 3 8 8 8 7 7 1 2 3 8 7 7 7 1 1 2 2 2 12 12 12 12 12
311b 4 0 0 6 11 11 11 11 4 0 0 6 6 9 9 11 4 4 10 6 6 5 9 9 4 10 10 10 5 5 5 9 3 3 3 10 8 5 1 1 2 3 8 8 8 7 7 1 2 3 8 7 7 7 1 1 2 2 2 12 12 12 12 12
311d 4 0 0 6 9 9 11 11 4 0 0 6 6 9 9 11 4 4 10 6 6 5 9 11 4 10 10 10 5 5 5 11 3 3 3 10 8 5 1 1 2 3 8 8 8 7 7 1 2 3 8 7 7 7 1 1 2 2 2 12 12 12 12 12
311c 4 6 6 6 9 9 11 11 4 6 6 0 0 9 9 11 4 4 10 0 0 5 9 11 4 10 10 10 5 5 5 11 3 3 3 10 8 5 1 1 2 3 8 8 8 7 7 1 2 3 8 7 7 7 1 1 2 2 2 12 12 12 12 12
312b 4 6 6 6 11 11 11 11 4 4 6 6 5 9 9 11 4 3 7 5 5 5 9 9 4 3 7 7 5 10 10 9 3 3 3 7 8 8 10 10 0 0 1 7 1 8 10 2 0 0 1 1 1 8 8 2 12 12 12 12 12 2 2 2
313 6 11 11 11 11 0 0 12 6 6 8 8 11 0 0 12 6 6 8 10 3 3 3 12 7 8 8 10 10 3 4 12 7 7 10 10 5 3 4 12 2 7 9 5 5 5 4 4 2 7 9 9 5 1 4 1 2 2 2 9 9 1 1 1
314 2 2 2 0 0 6 6 12 8 8 2 0 0 6 6 12 4 8 2 7 7 7 6 12 4 8 8 10 10 7 7 12 4 4 9 9 10 10 5 12 4 9 9 3 10 5 5 5 1 9 1 3 3 3 5 11 1 1 1 3 11 11 11 11
315 2 2 2 12 12 12 12 12 6 6 2 3 11 11 11 11 6 6 2 3 3 3 5 11 6 9 9 3 7 5 5 5 9 9 10 10 7 7 5 4 9 10 10 8 8 7 4 4 0 0 10 8 1 7 1 4 0 0 8 8 1 1 1 4
316 2 2 2 10 4 4 4 4 0 0 2 10 10 10 4 3 0 0 2 5 10 3 3 3 9 9 5 5 5 7 6 3 11 9 9 5 7 7 6 6 11 1 9 1 7 8 6 6 11 1 1 1 7 8 8 8 11 11 12 12 12 12 12 8
316b 2 2 2 10 4 4 4 4 2 0 0 10 10 10 4 3 2 0 0 5 10 3 3 3 9 9 5 5 5 7 6 3 11 9 9 5 7 7 6 6 11 1 9 1 7 8 6 6 11 1 1 1 7 8 8 8 11 11 12 12 12 12 12 8
316c 2 0 0 10 4 4 4 4 2 0 0 10 10 10 4 3 2 2 2 5 10 3 3 3 9 9 5 5 5 7 6 3 11 9 9 5 7 7 6 6 11 1 9 1 7 8 6 6 11 1 1 1 7 8 8 8 11 11 12 12 12 12 12 8
316d 0 0 2 10 4 4 4 4 0 0 2 10 10 10 4 3 2 2 2 5 10 3 3 3 9 9 5 5 5 7 6 3 11 9 9 5 7 7 6 6 11 1 9 1 7 8 6 6 11 1 1 1 7 8 8 8 11 11 12 12 12 12 12 8
317 2 11 11 11 11 5 1 1 2 11 10 10 5 5 5 1 2 2 2 10 10 5 1 1 3 3 3 10 8 7 0 0 4 3 8 8 8 7 0 0 4 3 8 9 7 7 6 6 4 4 9 9 7 6 6 6 4 9 9 12 12 12 12 12
318 4 7 7 7 11 11 11 11 4 4 3 7 7 9 9 11 4 2 3 3 3 10 9 9 4 2 3 10 10 10 5 9 8 2 2 2 10 5 5 5 8 8 8 0 0 1 5 1 6 6 8 0 0 1 1 1 6 6 6 12 12 12 12 12
318b 4 7 7 7 9 9 11 11 4 4 3 7 7 9 9 11 4 2 3 3 3 10 9 11 4 2 3 10 10 10 5 11 8 2 2 2 10 5 5 5 8 8 8 0 0 1 5 1 6 6 8 0 0 1 1 1 6 6 6 12 12 12 12 12
319 7 6 6 0 0 2 2 2 7 6 6 0 0 2 8 8 7 7 6 9 9 2 8 12 11 7 9 9 10 8 8 12 11 1 9 1 10 10 10 12 11 1 1 1 5 10 3 12 11 11 4 5 5 5 3 12 4 4 4 4 5 3 3 3
319b 6 6 7 0 0 2 2 2 6 6 7 0 0 2 8 8 6 7 7 9 9 2 8 12 11 7 9 9 10 8 8 12 11 1 9 1 10 10 10 12 11 1 1 1 5 10 3 12 11 11 4 5 5 5 3 12 4 4 4 4 5 3 3 3
320 0 0 12 12 12 12 12 3 0 0 5 7 7 3 3 3 9 5 5 5 7 7 7 3 9 9 5 8 2 2 2 11 10 9 9 8 8 8 2 11 10 10 10 6 6 8 2 11 1 10 1 6 6 4 11 11 1 1 1 6 4 4 4 4
321 4 12 12 12 12 12 7 7 4 4 9 9 7 7 7 6 4 9 9 5 8 8 6 6 4 9 5 5 5 8 6 6 2 2 2 5 11 8 8 10 2 3 0 0 11 10 10 10 2 3 0 0 11 1 10 1 3 3 3 11 11 1 1 1
321b 4 12 12 12 12 12 7 7 4 4 9 9 7 7 7 6 4 9 9 5 8 8 6 6 4 9 5 5 5 8 6 6 3 3 3 5 11 8 8 10 2 3 0 0 11 10 10 10 2 3 0 0 11 1 10 1 2 2 2 11 11 1 1 1
322 12 12 12 12 12 2 2 2 0 0 8 11 11 11 11 2 0 0 8 8 8 10 11 2 7 6 6 6 8 10 10 4 7 6 6 5 10 10 4 4 7 7 5 5 5 9 3 4 1 7 1 5 9 9 3 4 1 1 1 9 9 3 3 3
323 6 6 6 0 0 2 2 2 3 6 6 0 0 7 7 2 3 3 3 7 7 7 5 2 3 10 10 9 9 5 5 5 11 11 10 10 9 9 5 4 11 1 10 1 8 9 4 4 11 1 1 1 8 8 8 4 11 12 12 12 12 12 8 4
323b 6 6 6 2 2 2 0 0 3 6 6 2 7 7 0 0 3 3 3 2 5 7 7 7 3 10 10 5 5 5 9 9 11 11 10 10 5 9 9 4 11 1 10 1 8 9 4 4 11 1 1 1 8 8 8 4 11 12 12 12 12 12 8 4
324 0 0 12 12 12 12 12 3 0 0 10 9 9 3 3 3 10 10 10 5 9 9 7 3 8 10 5 5 5 9 7 4 8 8 8 5 11 7 7 4 2 1 8 1 11 7 4 4 2 1 1 1 11 6 6 4 2 2 2 11 11 6 6 6
325 11 11 11 11 7 7 7 3 11 9 9 7 7 3 3 3 9 9 6 6 8 8 10 3 9 6 6 6 8 10 10 10 1 1 5 8 8 0 0 10 1 5 5 5 4 0 0 2 1 1 5 4 4 4 4 2 12 12 12 12 12 2 2 2
325b 11 11 9 9 7 7 7 3 11 9 9 7 7 3 3 3 11 9 6 6 8 8 10 3 11 6 6 6 8 10 10 10 1 1 5 8 8 0 0 10 1 5 5 5 4 0 0 2 1 1 5 4 4 4 4 2 12 12 12 12 12 2 2 2
326 12 11 11 11 11 2 2 2 12 6 6 6 11 8 7 2 12 6 6 8 8 8 7 2 12 9 9 8 0 0 7 7 12 10 9 9 0 0 5 7 10 10 10 9 3 5 5 5 10 4 3 3 3 1 5 1 4 4 4 4 3 1 1 1
327 12 11 11 10 10 9 9 6 12 11 10 10 9 9 6 6 12 11 3 10 9 8 6 6 12 11 3 3 3 8 8 8 12 5 3 4 4 4 4 8 5 5 5 2 4 7 7 7 1 5 1 2 7 7 0 0 1 1 1 2 2 2 0 0
328 8 8 7 3 3 3 0 0 4 8 7 7 3 10 0 0 4 8 8 7 3 10 10 10 4 4 5 7 6 6 10 9 4 5 5 5 6 6 9 9 2 1 5 1 6 9 9 11 2 1 1 1 11 11 11 11 2 2 2 12 12 12 12 12
328b 8 8 7 3 3 3 0 0 4 8 7 7 3 10 0 0 4 8 8 7 3 10 10 10 4 4 5 7 6 6 10 12 4 5 5 5 6 6 11 12 2 1 5 1 6 9 11 12 2 1 1 1 9 9 11 12 2 2 2 9 9 11 11 12
329 6 12 12 12 12 12 0 0 6 6 9 9 7 7 0 0 6 6 5 9 9 7 7 7 4 5 5 5 9 3 3 3 4 4 5 2 2 2 3 11 4 8 8 2 10 10 3 11 4 8 1 2 1 10 10 11 8 8 1 1 1 10 11 11
330 9 12 12 12 12 12 0 0 9 9 4 4 4 4 0 0 3 9 9 4 10 6 6 6 3 3 3 10 10 10 6 6 3 7 1 1 5 10 8 8 7 7 1 5 5 5 8 2 7 11 1 1 5 8 8 2 7 11 11 11 11 2 2 2
331 0 0 8 8 9 9 6 6 0 0 8 9 9 4 6 6 2 8 8 9 4 4 7 6 2 11 11 11 11 4 7 7 2 2 2 10 11 4 3 7 1 1 5 10 10 10 3 7 1 5 5 5 10 3 3 3 1 1 5 12 12 12 12 12
332 0 0 7 7 11 11 11 11 0 0 8 7 7 7 5 11 8 8 8 9 9 5 5 5 8 10 9 9 6 6 5 12 10 10 9 6 6 6 4 12 3 10 10 2 1 1 4 12 3 3 3 2 1 4 4 12 3 2 2 2 1 1 4 12
332b 0 0 7 7 11 11 11 11 0 0 8 7 7 7 5 11 8 8 8 9 9 5 5 5 8 10 9 9 6 6 5 12 10 10 9 6 6 6 4 12 2 10 10 3 1 1 4 12 2 3 3 3 1 4 4 12 2 2 2 3 1 1 4 12
333 12 12 12 12 12 7 7 9 4 0 0 7 7 7 9 9 4 0 0 6 6 9 9 3 4 4 10 6 6 3 3 3 4 10 10 6 11 11 5 3 2 8 10 10 11 5 5 5 2 8 8 8 11 1 5 1 2 2 2 8 11 1 1 1
334 11 11 11 11 7 7 0 0 11 5 7 7 7 6 0 0 5 5 5 10 6 6 4 12 8 5 10 10 6 6 4 12 8 8 8 10 10 4 4 12 2 1 8 1 3 9 4 12 2 1 1 1 3 9 9 12 2 2 2 3 3 3 9 9
335 12 4 6 6 6 9 8 8 12 4 6 6 9 9 8 2 12 4 4 9 9 8 8 2 12 4 5 7 7 2 2 2 12 5 5 5 7 7 7 11 1 1 5 10 3 0 0 11 1 10 10 10 3 0 0 11 1 1 10 3 3 3 11 11
335b 12 12 12 12 12 9 8 8 4 4 4 4 9 9 8 2 6 6 4 9 9 8 8 2 6 6 5 7 7 2 2 2 6 5 5 5 7 7 7 11 1 1 5 10 3 0 0 11 1 10 10 10 3 0 0 11 1 1 10 3 3 3 11 11
336 2 2 2 12 12 12 12 12 2 7 3 4 4 4 4 9 2 7 3 3 3 4 9 9 7 7 3 8 8 9 9 10 7 5 11 11 8 10 10 10 5 5 5 11 8 8 10 6 1 5 1 11 0 0 6 6 1 1 1 11 0 0 6 6
337 2 2 2 12 12 12 12 12 2 7 0 0 4 4 4 4 2 7 0 0 1 1 4 10 7 7 9 9 1 10 10 10 7 9 9 5 1 1 10 8 3 9 5 5 5 8 8 8 3 3 3 5 11 8 6 6 3 11 11 11 11 6 6 6
338 6 6 7 3 3 3 4 12 6 6 7 7 3 4 4 12 6 8 8 7 3 10 4 12 0 0 8 7 10 10 4 12 0 0 8 8 9 10 10 12 2 2 2 9 9 5 1 1 2 11 9 9 5 5 5 1 2 11 11 11 11 5 1 1
338b 0 0 7 3 3 3 4 12 0 0 7 7 3 4 4 12 6 8 8 7 3 10 4 12 6 6 8 7 10 10 4 12 6 6 8 8 9 10 10 12 2 2 2 9 9 5 1 1 2 11 9 9 5 5 5 1 2 11 11 11 11 5 1 1
339 12 12 12 12 12 2 2 2 0 0 3 3 3 9 9 2 0 0 8 3 9 9 10 2 8 8 8 3 9 10 10 10 8 7 4 4 4 4 5 10 7 7 6 6 4 5 5 5 7 6 6 6 11 1 5 1 7 11 11 11 11 1 1 1
339b 12 12 12 12 12 2 2 2 0 0 3 3 3 9 9 2 0 0 8 3 9 9 5 2 8 8 8 3 9 5 5 5 8 7 4 4 4 4 5 10 7 7 6 6 4 10 10 10 7 6 6 6 11 1 10 1 7 11 11 11 11 1 1 1
340 12 12 12 12 12 10 8 8 7 7 7 10 10 10 8 4 1 1 7 7 10 8 8 4 1 6 6 6 9 9 4 4 1 1 6 6 5 9 9 4 2 2 2 5 5 5 9 3 0 0 2 11 5 3 3 3 0 0 2 11 11 11 11 3
340b 12 12 12 12 12 10 8 8 7 7 7 10 10 10 8 4 1 1 7 7 10 8 8 4 1 6 6 6 9 9 4 4 1 1 6 6 5 9 9 4 2 2 2 5 5 5 9 3 2 0 0 11 5 3 3 3 2 0 0 11 11 11 11 3
340c 12 12 12 12 12 10 8 8 7 7 7 10 10 10 8 4 1 1 7 7 10 8 8 4 1 6 6 6 9 9 4 4 1 1 6 6 5 9 9 4 2 0 0 5 5 5 9 3 2 0 0 11 5 3 3 3 2 2 2 11 11 11 11 3
340d 12 12 12 12 12 10 8 8 7 7 7 10 10 10 8 4 1 1 7 7 10 8 8 4 1 6 6 6 9 9 4 4 1 1 6 6 5 9 9 4 0 0 2 5 5 5 9 3 0 0 2 11 5 3 3 3 2 2 2 11 11 11 11 3
341 0 0 10 11 11 11 11 12 0 0 10 10 10 5 11 12 6 6 6 10 5 5 5 12 6 6 3 9 9 5 4 12 3 3 3 7 9 9 4 12 2 8 3 7 7 9 4 4 2 8 8 8 7 1 4 1 2 2 2 8 7 1 1 1
341b 0 0 10 12 12 12 12 12 0 0 10 10 10 5 11 11 6 6 6 10 5 5 5 11 6 6 3 9 9 5 4 11 3 3 3 7 9 9 4 11 2 8 3 7 7 9 4 4 2 8 8 8 7 1 4 1 2 2 2 8 7 1 1 1
342 2 2 2 8 10 3 3 3 2 8 8 8 10 10 3 12 2 8 9 10 10 5 3 12 11 11 9 9 5 5 5 12 11 0 0 9 9 5 7 12 11 0 0 1 1 1 7 12 11 6 6 1 4 1 7 7 6 6 6 4 4 4 4 7
343 3 12 12 12 12 12 7 4 3 3 3 0 0 7 7 4 3 6 8 0 0 7 4 4 6 6 8 8 8 7 5 4 6 6 9 9 8 5 5 5 2 9 9 10 10 1 5 1 2 9 10 10 11 1 1 1 2 2 2 10 11 11 11 11
344 2 2 2 8 4 4 4 4 2 9 9 8 8 8 4 12 2 5 9 9 1 8 1 12 5 5 5 9 1 1 1 12 11 5 10 3 3 3 7 12 11 10 10 10 3 7 7 12 11 10 6 6 3 7 0 0 11 11 6 6 6 7 0 0
345 1 1 1 8 4 4 4 4 1 5 1 8 8 8 4 6 5 5 5 9 11 8 6 6 12 5 9 9 11 10 6 6 12 9 9 3 11 10 10 10 12 3 3 3 11 11 10 2 12 0 0 3 7 7 7 2 12 0 0 7 7 2 2 2
346 11 11 11 11 0 0 6 6 9 7 7 11 0 0 6 6 9 9 7 7 7 10 10 6 4 9 9 5 8 8 10 10 4 4 5 5 5 8 10 2 4 3 1 5 1 8 8 2 4 3 1 1 1 2 2 2 3 3 3 12 12 12 12 12
347 4 4 4 4 10 10 6 6 12 4 5 10 10 6 6 6 12 5 5 5 10 8 0 0 12 11 5 8 8 8 0 0 12 11 1 8 1 3 3 3 12 11 1 1 1 9 3 2 11 11 7 7 9 9 3 2 7 7 7 9 9 2 2 2
347b 4 4 4 4 10 10 6 6 12 4 5 10 10 6 6 6 12 5 5 5 10 8 0 0 12 11 5 8 8 8 0 0 12 11 1 8 1 2 2 2 12 11 1 1 1 9 3 2 11 11 7 7 9 9 3 2 7 7 7 9 9 3 3 3
348 4 1 1 1 11 2 2 2 4 1 7 1 11 2 6 6 4 4 7 7 11 2 6 6 4 9 9 7 11 11 10 6 9 9 5 7 8 8 10 10 9 5 5 5 8 10 10 3 0 0 5 8 8 3 3 3 0 0 12 12 12 12 12 3
349 11 11 11 11 7 7 9 12 11 6 7 7 7 9 9 12 6 6 0 0 9 9 3 12 6 6 0 0 3 3 3 12 2 2 2 5 8 8 3 12 2 10 5 5 5 8 1 1 2 10 10 5 4 8 8 1 10 10 4 4 4 4 1 1
350 2 2 2 7 6 6 6 9 11 11 2 7 6 6 9 9 11 3 2 7 7 9 9 4 11 3 3 3 7 5 4 4 11 3 8 8 5 5 5 4 1 1 8 0 0 5 10 4 1 8 8 0 0 10 10 10 1 1 12 12 12 12 12 10
350b 2 2 2 7 9 6 6 6 11 11 2 7 9 9 6 6 11 3 2 7 7 9 9 4 11 3 3 3 7 5 4 4 11 3 8 8 5 5 5 4 1 1 8 0 0 5 10 4 1 8 8 0 0 10 10 10 1 1 12 12 12 12 12 10
351 11 11 11 11 2 0 0 7 12 1 1 11 2 0 0 7 12 1 2 2 2 10 7 7 12 1 1 10 10 10 7 3 12 8 8 5 10 3 3 3 12 8 5 5 5 9 9 3 8 8 4 5 6 6 9 9 4 4 4 4 6 6 6 9
351b 11 11 11 11 2 0 0 7 12 1 1 11 2 0 0 7 12 1 2 2 2 10 7 7 12 1 1 10 10 10 7 3 12 8 8 5 10 3 3 3 12 8 5 5 5 9 9 3 8 8 4 5 9 9 6 6 4 4 4 4 9 6 6 6
353 7 9 4 4 4 4 6 6 7 9 9 4 0 0 6 6 7 7 9 9 0 0 11 6 12 7 5 11 11 11 11 3 12 5 5 5 8 3 3 3 12 2 5 10 8 8 8 3 12 2 10 10 10 1 8 1 12 2 2 2 10 1 1 1
354 2 2 2 9 9 0 0 12 2 3 9 9 8 0 0 12 2 3 9 10 8 8 8 12 3 3 3 10 10 5 8 12 1 1 10 10 5 5 5 12 1 11 11 11 11 5 6 6 1 1 7 7 11 4 6 6 7 7 7 4 4 4 4 6
355 4 4 4 4 5 2 2 2 12 4 10 5 5 5 9 2 12 10 10 10 5 9 9 2 12 10 7 8 9 9 0 0 12 7 7 8 8 8 0 0 12 7 3 3 3 8 6 6 1 7 1 3 11 6 6 6 1 1 1 3 11 11 11 11
356 6 6 6 5 11 11 0 0 6 6 5 5 5 11 0 0 2 2 2 5 9 11 8 8 2 1 1 9 9 11 8 4 2 1 9 9 10 8 8 4 3 1 1 10 10 10 4 4 3 3 3 10 7 7 7 4 3 12 12 12 12 12 7 7
357 10 11 11 11 11 7 6 6 10 10 10 5 11 7 6 6 3 10 5 5 5 7 7 6 3 3 3 5 9 9 7 12 3 4 4 4 4 9 9 12 2 1 4 1 8 8 9 12 2 1 1 1 8 0 0 12 2 2 2 8 8 0 0 12
357b 10 11 11 11 11 6 6 7 10 10 10 5 11 6 6 7 3 10 5 5 5 6 7 7 3 3 3 5 9 9 7 12 3 4 4 4 4 9 9 12 2 1 4 1 8 8 9 12 2 1 1 1 8 0 0 12 2 2 2 8 8 0 0 12
358 3 3 3 6 2 2 2 10 7 3 6 6 2 10 10 10 7 3 6 6 2 11 10 9 7 7 11 11 11 11 9 9 4 7 5 1 1 9 9 8 4 5 5 5 1 8 8 8 4 4 5 1 1 8 0 0 4 12 12 12 12 12 0 0
360 9 4 4 4 4 2 2 2 9 9 4 8 8 6 6 2 12 9 9 8 6 6 6 2 12 10 8 8 11 11 11 11 12 10 10 10 7 7 7 11 12 3 10 5 1 1 7 7 12 3 5 5 5 1 0 0 3 3 3 5 1 1 0 0
